67621
-70816
-93444
94393
-27903
-35804
-41487
-63421
93061
-73132
77392
94161
42964
-77210
54794
10604
-91669
-92189
-75439
-42686
-39010
32475
57815
-93044
47127
-47876
87700
70363
83848
42853
9974
-42213
17757
54472
-27074
-98297
98916
-58147
83013
10785
-10806
-27158
-59242
-43557
-11764
-73207
-75688
-405
-74647
-5896
-9835
58263
-30658
-88610
91294
20435
40568
-67278
-770
-79344
44714
-23146
64794
62141
-5200
51349
-49593
84699
-81767
-87988
73346
-40258
-24139
-79084
-38976
-73524
-353
-27131
18858
66640
-4362
-57362
-2960
-6868
-45079
75682
-30014
83977
79187
69878
-81283
59680
66455
-55138
40021
91136
-35825
-57166
21178
-529
-29235
67772
80397
46001
-42430
79467
-14992
-85337
-39957
-91586
-17306
5162
-29814
-82650
-44693
48682
88196
-17510
-44262
71819
30870
3712
68519
20285
-62548
-30564
-63397
-35349
95294
47159
41289
-31124
95825
53245
12311
52969
4700
-5105
-42507
-63738
33569
29372
-76169
98123
-87649
-71257
-59934
64481
-58062
78384
10666
56345
-83347
864
39
56208
22696
38704
-34094
45024
-96991
78332
88932
-69971
78706
40763
96838
-30054
68024
-10826
-70758
-23061
13971
-58540
18940
-99150
89292
88659
-30955
31225
99743
-53168
33085
-72106
63918
-21765
67496
33080
59637
-47857
-59935
-1981
99887
-57651
41394
39029
-99851
57009
-15025
28085
-94895
-70675
-4847
-19388
-37230
-84816
-36857
48729
-79355
-77547
91865
27399
-81857
99387
39645
-67033
-66343
72949
24592
44127
-56713
-30517
38326
59014
10923
-44479
41373
97988
91347
80844
-47270
86895
-18286
4593
76078
70361
-2111
14845
35679
18354
-68280
-35014
-41097
-83216
-11373
-94486
54221
45207
-39677
54256
-42272
-98115
-81390
85556
65439
-84567
-39985
-82332
-91766
-13381
-81426
34782
-37609
-26999
75368
27248
-43840
41356
-65316
89622
49695
51050
23907
-36300
23987
6708
-50086
-75274
-74591
72748
12997
-7124
11038
7767
22427
91122
-85800
76518
71299
69392
-74201
-84111
5544
90896
-11054
-71356
-34817
-49776
-50138
40584
17601
-63253
10593
-51900
-26982
21275
-34515
-80239
16164
44264
-74334
-86739
70955
41711
-96132
-75552
97542
-38035
-56403
6539
27307
26185
-43968
5130
-84630
-56842
-655
-99435
2346
-30479
19277
-25224
10888
82607
91497
45691
73505
88326
27577
-59421
-50220
-22220
-42932
-84669
51828
92869
42133
-84021
96077
-17791
-85015
-86856
53138
24987
31819
39231
-58730
-85090
33124
-79000
-51288
-82038
55984
-82185
77002
-38343
5847
-68573
49336
-35457
51760
55849
-89582
62367
-78509
9897
72326
53006
48170
37044
-17066
-31642
-46455
75564
87745
-17639
-37430
-30371
3752
-65692
76079
69214
-21358
19858
-17117
97096
-80984
-97559
20136
62833
47585
-73791
-80796
40937
-44123
32614
-30480
-65278
-8510
-81967
-35963
-3131
-25293
-58648
14867
42401
84428
-20697
60347
71435
38658
-97950
75076
45385
-21520
73903
-72846
-64797
-30672
-69742
-71942
94620
45024
-59251
-28606
-26140
58552
-44785
88117
-10116
-46629
80223
66261
-30799
32489
28065
-34171
-86684
-75805
66273
11037
-27470
-88443
-99071
-12561
-65707
67015
-31330
-57643
94309
15824
44619
84986
12115
47038
-97466
-70673
-80276
81146
-60927
43023
-90556
-3213
52701
44841
-61179
12666
-66591
-89035
-19192
-4409
-89542
-6203
-44930
78799
-34588
74832
-73054
-7286
46770
6529
62702
96471
-59485
-37941
-57402
-53587
8080
-93503
-52982
93085
-12920
7928
75612
92690
-34945
-30059
-58268
83835
-71664
281
-89849
23388
-41691
-47684
20665
-8340
-19997
-40338
-41562
-93797
73023
-49373
4455
-13949
-26966
-81802
-26830
-7950
68160
33537
4773
78131
40565
-13192
-92765
-69764
-31525
-53190
52198
-30410
-89972
-71583
56387
13918
-9381
90983
-17772
14398
58914
34066
-69685
976
51149
-50172
-33227
-88365
85803
14309
-99557
36293
41151
80055
88594
94497
93210
75801
-48349
-4522
13062
-81657
74125
-13441
63356
-17709
73903
-67331
88679
-21273
32939
-18923
74821
7057
-14494
5486
82769
-22496
45335
-66633
-49711
10217
74307
-610
77554
96118
-54380
61353
49187
-21108
6450
43638
-99894
-20342
-24788
-44902
12692
52039
59032
71627
-15525
21893
15811
15909
77111
-43980
34001
24042
92927
-55517
72713
-77772
-25608
35122
74025
65921
62335
-12133
-75520
96906
-38431
76369
-18626
-41112
-47800
-61373
-93598
-87886
-35816
24554
60241
-80909
19384
8643
65089
50908
-49030
88310
82545
657
29598
4766
-36041
-61316
71981
80256
-98547
96860
-72059
11449
-42633
-53893
82429
35779
21778
-86836
46120
-34675
-68187
19658
-65046
21803
75001
39233
46518
56094
-16823
97984
16017
60603
88553
32324
11867
43621
16893
-58278
94944
24433
17983
-32055
97073
-35188
67159
-27305
36655
27034
64298
-37284
-28016
15309
-79689
87051
-25099
-38529
-28772
-11960
-16191
41597
-78878
-63727
-60461
-39377
410
81914
-59944
85183
-43914
-83163
8755
6849
-13262
42242
22139
8992
-83678
-45780
10138
2099
53112
82327
-94880
50913
-286
25037
-98455
-7789
-21721
97518
2232
9843
41091
95956
92579
43165
58139
-42188
27986
-42480
-28452
14251
27308
-92392
1936
-11886
75341
78032
5989
89839
-56735
22523
-66544
63120
40017
-92931
3290
55161
47951
73801
-92896
-77994
68492
12358
-64428
21031
-52361
-86819
-31802
-621
-14187
-44515
19196
-14320
-11527
99551
-615
-27057
97134
10510
-33869
-78529
23288
-94919
96352
41405
-86347
-8260
-41222
70431
-82013
70853
-89447
97717
-91866
-35177
-47739
-94658
62879
-60054
-37467
-66912
24141
75494
-70014
47841
-42862
21905
83360
-32828
-3297
-56016
58831
59186
96064
88313
-69976
-57070
-18464
-71663
51698
-93269
-18223
50941
77562
-1616
3980
87436
-48010
-80078
55214
81040
64427
-36339
-73288
82764
-20942
79374
57394
-68267
48355
-89234
-8983
39655
12296
73413
-2858
-81924
32634
69749
-10549
-96684
10115
28503
-72334
13645
-5055
66614
20517
85416
-59895
14160
-53827
92360
36772
70513
-29200
61457
41078
26745
21863
14183
91634
55313
-29642
-15510
-35645
-77282
-26881
18175
-36073
96732
21820
49382
59994
75161
-651
-11816
-92477
29579
-14800
-52332
27808
-44395
-6985
-32275
-10783
-26690
56278
83811
-27578
45697
-97339
35430
-49916
-77558
-36730
88763
6542
28077
45536
98748
-37001
81039
24804
69319
86605
28665
17486
-95480
-75607
-22868
-41910
6011
81347
-36220
-19730
74053
52451
-3264
24062
45089
39177
-9887
11543
95542
44281
-13286
-7775
84249
18946
-28981
-19621
-34097
-39566
-68371
89080
-49516
-17281
-68660
94741
40473
99803
80922
-51465
-49789
-43277
93620
26929
-27518
89945
54556
99283
37530
56445
-25814
-73648
-49114
-22341
-40367
-5398
-52961
-20763
-96292
85602
40020
-66818
-28091
-88069
-85707
45059
-23419
82823
-66897
67213
97339
28680
-73108
-96785
50487
-25463
23049
25492
15466
-10686
-51671
-86532
-33815
25233
-70093
-82871
5043
28908
-80580
51262
65005
79949
-85947
-60226
-60889
47545
-20352
-77671
-34939
-68949
46295
9097
58942
56271
62114
-40838
36989
-287
18099
16056
-22051
54278
12415
-19947
49062
62798
-84211
59811
94009
-73987
99946
-45530
63975
-44682
-30625
73127
-78718
-58829
-37121
-54436
44701
-80323
-58966
-99299
7090
18096
80714
55664
23184
-23649
-91444
-39320
-24476
85324
-25888
84283
19021
-81341
80193
-38810
-30649
63855
54609
73325
-48143
11447
-69913
42753
-41068
69773
-60944
-30367
-62714
-81281
-84367
-56505
-19362
55987
96334
49214
-24343
15121
-67402
22866
80532
-20285
83430
5515
-28633
31195
41552
29445
14755
-78913
56771
-89551
13253
92553
-15506
58259
-34368
-93220
-76060
-39989
76763
50784
53910
-94562
76234
-29350
51059
-89454
98251
-54075
23338
36043
70789
15927
-27083
-52424
53440
14264
66405
28902
-76082
23210
-8785
7046
-12626
-15837
75671
-72580
-57841
-13544
7910
81842
29884
-24446
73692
4976
99360
44204
-90381
19229
-76916
-17552
-33836
-15256
-69612
5952
34898
-99699
72401
42237
21104
8330
-85791
-50827
35905
-5162
63219
98297
30676
63947
15878
99226
-86471
-46639
-29993
43974
-65656
-24495
14849
83042
27064
-68169
-92433
65156
59612
-37270
86065
-58483
-18539
44399
-96416
44769
6952
-75566
-41097
-70257
20965
-69207
69793
-59638
30646
87853
-23491
33397
84919
-28324
8918
26484
23789
-36108
19743
44510
-62083
554
-50033
57123
33232
95636
-64216
-81700
-27584
8774
-10904
33100
-29963
-99328
-25856
90329
-21736
53862
52023
72999
28356
-61047
17059
41185
26967
-9528
-12853
44681
99982
42456
-1117
19365
-15648
-50546
82845
-37399
49893
393
-38774
7682
-88559
-16592
95219
23987
84871
-63
1208
73982
70922
-60127
29847
-90296
-66906
31672
54712
-12970
-73691
15423
-73862
37874
19780
-95977
89384
-62211
7473
71646
-59536
-80385
23074
-30526
-11249
63383
81588
4197
70350
-78946
-13869
76778
39885
-383
-16990
64311
88407
99072
27912
41824
-90590
61863
-82064
-38457
65455
79411
-24666
-40366
95760
-76308
13763
-74194
99326
66133
84520
-73653
16307
-56389
81928
-21497
-92412
-87944
-14968
-85289
-23096
-6031
-1738
12901
-61840
-35986
39242
8016
48354
78729
-52800
-55440
-54107
-79299
59774
281
62453
79079
-36868
30460
52871
-62483
-39134
20887
67222
-33422
20473
-33068
74808
-97537
21963
-24600
77631
43287
-58588
-80638
15796
-9413
54028
-21579
67493
11230
80961
-34439
19756
-20801
-47777
845
26670
-72042
-37818
-28
49926
-5902
50683
-22439
83311
-22608
-94249
72550
3758
-28047
-97878
48354
79778
95210
-87144
58965
95342
30214
-24976
-39676
59138
-7642
-42590
66885
-50159
62762
-34300
77671
98070
88987
72800
78482
-64145
64691
-74530
64484
69434
-89666
-19016
15559
-91254
51931
-4354
91983
-65552
-76373
-22639
-14353
95947
8921
-53958
-47363
-65356
41402
-4093
39159
31542
-28559
-56866
-32637
26313
-22631
95706
-11208
-69809
22770
-80261
-63102
97696
-40857
77294
89849
76791
4179
46096
-4115
-76328
3435
-96352
-30674
40659
-67602
19219
-3378
76377
96348
76250
-31276
53238
-117
67391
-2621
-71598
76904
-38705
23594
-93440
62410
47169
-14016
59929
-41970
69778
-83429
66567
21704
83783
-20783
70194
7032
-69415
-63359
-88113
-90246
-20213
29138
-69560
-74522
-38449
40914
-64437
1881
18919
-2742
75763
94809
82579
41608
9871
53967
94581
90473
-59493
8759
71683
-74043
28279
61389
6985
-26668
-91424
80952
-2868
-43045
16230
16574
-38105
-4925
-73955
79746
-3706
42728
69037
-5976
-84128
4369
-27680
-50243
-67977
19201
-75969
73740
-44398
68218
67639
56538
-94402
-86742
-12573
-36150
-66990
48000
-46207
-82015
45282
-45695
53716
-43390
-38921
-13871
-61320
56233
-99257
-27315
-62071
-65924
41614
-34293
-54257
-71184
73292
-93242
-65449
-96105
-6089
-37628
54364
-15126
-95864
-54323
-30436
-86264
-66772
94436
10352
37910
-70208
95471
-83339
24845
17512
-5094
34542
55625
-71413
18490
32078
-41923
61246
-88633
90642
72727
36695
-20930
20073
68647
-91835
-84055
25562
5281
11745
79856
-71699
28521
86751
16277
-80735
-78822
-15561
59461
-61116
-82782
-66920
-27907
63661
65957
53449
43748
86686
-14755
-149
56602
39082
-22695
18938
32527
58709
12774
-74001
83967
-70008
71629
70633
44529
88963
-43633
12740
18372
-40102
8478
-11152
18882
4524
9049
91263
-75074
-18068
11873
-18074
74354
-33183
-1880
-59987
80046
24326
-82402
-76086
-77623
-75561
13213
-74687
95189
93670
-2313
-65892
45849
-84277
53738
47216
47241
-13586
75639
-67958
7691
-7307
74415
96682
10870
89021
-86514
-24600
57393
-18094
-7819
-72842
51497
33015
-44232
-59439
72159
26403
-41216
-71632
-8220
45821
-3647
-69884
99912
-26976
50496
-40714
12489
47053
62981
60844
76941
68479
45945
-93118
59644
72446
81789
-29891
-92411
-52706
-28364
84208
99861
-19002
-10918
-7982
-98400
-52446
-62448
48457
72318
5063
-81759
-62809
94240
65982
-91964
-75947
95588
39062
-43605
-1383
10056
18920
-10637
-58737
-2993
-18307
89162
-14965
48791
56296
-77730
-86209
-59216
-58736
97770
61962
-86956
76676
-78614
-28670
16159
73523
11152
27313
59141
15879
8575
-28391
-43490
97903
34308
-70164
-9516
12699
-70931
-25749
77790
77861
55486
27567
38132
74884
-19150
-88095
-42193
3615
57109
-85640
-97985
-46412
-20985
-44627
-64025
-33018
-24124
-13985
-68547
-97974
30386
95825
12893
-53943
-66135
-331
39613
84463
-39678
31140
46466
75124
-7158
-81106
4089
94521
-88911
14352
-95088
20521
-79589
-17934
50931
12534
50313
6017
85990
67809
9495
-24106
-69808
6176
-94533
-14864
-54945
62037
20611
80777
-5143
-76898
14481
-72249
-36217
14209
54369
4975
37353
-79384
3747
-18664
95508
-10999
-41917
-12689
-55926
-79978
33820
65996
-70109
39094
33680
-49170
-8414
-7962
90678
69199
-61284
-38064
-73051
-61611
-32900
-48287
-54519
57915
-59927
99285
99007
71837
-80247
-53563
64613
29529
21622
97773
47779
99197
51904
17677
78555
47978
68556
66539
63714
-15273
64421
-17127
-60428
15281
-82100
22924
15922
65513
-20618
-27996
55037
-85275
-7741
32995
-80552
-18629
21043
18466
-90142
-85087
-3338
-24745
-79886
68995
-76330
61220
55734
32924
789
21297
52129
45310
93703
-89247
17894
49856
70875
-50655
-15714
58598
24683
31430
-60453
-83781
18101
-72868
-9970
87253
-77894
32264
69378
-54765
-89740
-35056
85498
14755
15191
37381
37035
59856
-58386
-4607
-2260
-25842
1558
7156
-11300
77968
56732
-86273
65383
69687
-12274
-82722
-13574
-75226
46266
77833
1335
-25513
-33941
89722
72114
57994
-60581
-12612
-78635
52761
73961
-62926
-8297
-18675
71980
83102
73574
2749
-66197
55986
85816
-77792
-18845
46518
-1256
68687
-13892
-66500
75666
84242
93665
79677
37990
-75502
69351
75756
10993
33297
-5149
-95221
-4948
-19033
-52746
-43851
-10417
27473
-49667
-40614
-63939
-59383
-79772
-22460
-73487
33087
41497
93631
38027
-90105
73520
-11720
62013
-65647
56564
-1246
-59564
-57468
-52593
81625
63771
-56605
89053
14733
-88547
7704
-4502
77304
88635
-37733
16444
60063
-25308
97234
96224
17683
-38658
39987
-37304
-18875
22949
-49140
-3573
77814
49532
15499
21026
-26136
105
31833
38270
9749
-57518
-47651
58508
-63720
-34464
-86322
68081
25983
-2689
45369
-73107
86489
35242
-67317
-25273
-78013
-57976
-28490
17786
34572
-61374
14680
-75958
-41795
18260
-8359
-93009
8762
-86040
3928
31598
-1969
-38193
1231
-78608
-1719
-41139
-92611
-16459
-74026
87355
70383
-12106
-61715
-63930
-89960
-24797
23851
82471
-63617
98925
84952
22974
17598
61309
-98624
-79232
-95019
-32912
-43468
-60805
43865
90640
59614
38352
10953
-70854
-24476
-37705
-21056
-68059
-87483
-37495
10054
67497
63266
19829
-83536
-70940
31027
56431
40523
-95692
65663
35102
50745
-36578
88362
-62363
-23645
12522
-99590
61168
-7512
-36938
49596
9200
-50897
74160
75168
-77557
37228
-5470
-82259
37903
42627
32992
33070
45267
-94670
2355
23243
-88588
66637
1418
-2142
-33508
95904
-95743
-6390
-82290
-9613
-36791
92136
72255
64693
-72826
52542
92724
98358
-12833
-65028
-88378
-7647
43134
-11252
68505
-54102
79485
21798
82292
25444
65605
-52217
-64650
-83459
87706
19977
-90305
-23076
-47155
-88517
-47711
-89015
-17269
-18716
35104
4392
42352
24098
-33596
-90401
97470
69581
-49904
-24998
-6422
-87469
71896
-12988
-28378
-67370
-3526
14544
4863
94853
15274
1356
-11124
-51027
30076
81421
30422
-3703
36125
-30081
-78344
90600
11280
-79310
12881
57929
-52695
42992
-22991
-15797
-73105
-79011
-14038
73256
-22500
-19654
16894
57973
88131
11703
-56316
80817
16367
-7845
17212
-88897
90530
-7579
61179
14017
-28027
67633
-84964
-80329
75946
67120
6485
-4761
34502
96581
78103
-58061
-91837
-62572
59271
77756
14864
-90878
-66910
-82376
-38136
69125
-3970
-5065
362
48699
-91511
58621
-59778
78012
17944
-2754
-2479
16376
-79845
50450
-63905
38794
-3807
4342
-17586
70278
-26944
-34566
-70261
-93207
92852
-51229
30821
35723
1446
47239
-69130
-31377
-31767
84559
16987
-43752
60399
-25138
81922
28765
-47525
-67852
-64420
-80588
18500
-54740
87005
16683
-76987
78763
-16222
75070
-8925
86001
-82977
44178
42126
-23884
-21369
-58711
86596
86007
83558
67169
-54364
-5237
33367
-41217
-68186
-47315
-63595
-37942
29504
-93110
-5394
45233
50019
-3293
22527
44610
-65982
60418
-77400
-82765
-18922
4375
87939
88447
25479
37807
7687
7330
50706
-80667
-67147
-16894
68385
-80559
17958
22115
78286
35622
-9688
-66358
44520
67718
54084
-52300
-66175
13408
31822
-85474
-67452
35817
-59888
-20276
-56837
-57542
-15417
85947
-40895
-9293
36025
-25539
-79328
-34306
-48541
66476
44399
-28055
-67188
63845
-20617
61068
39848
-75509
31746
68031
-55794
55139
52212
-59579
-55121
72682
63703
88909
58633
-11496
47749
-89202
-92563
-78708
-88083
68153
51197
-30623
70689
-44738
49982
9205
62033
67507
-92061
30557
64407
43019
-24065
68272
-20808
26601
-35807
79566
6454
-22030
18893
-80871
80515
-84295
-58561
15239
8952
26943
21750
-46517
-10821
59032
-62339
-18059
88314
-16294
92466
-9464
4521
-65721
99403
-2866
34998
47233
-72165
-16346
-36630
22282
-67882
-29884
17858
-35010
-63070
-74622
-86735
-23923
702
61317
9611
-34918
-58136
-14165
51437
89039
-18024
-50237
-58230
30617
34932
22372
30746
-19118
30382
-93925
-76395
3086
32499
19860
-36895
-43602
52920
-7491
-87245
-86752
-26245
29733
56635
71510
76297
23361
-25093
40690
-97857
-71821
12965
-64890
-30671
90711
-4114
5710
-4072
-88140
5010
-86590
49495
47276
-48973
-4967
45024
-24345
-80725
1279
32187
18057
44141
-26673
63379
78362
60181
-68855
-66272
-74656
3259
-2169
-11111
46232
-4159
97909
-62182
-47819
57932
33463
5221
31092
-89448
-88124
-89799
-64077
87063
-12696
24189
36139
19796
-60957
58927
35136
-63358
-14026
60712
-16500
-57402
3010
61611
93808
-21558
55641
-11822
32989
33618
39549
28410
85791
47567
-21412
24490
-95639
-3438
-13168
76634
-71268
9193
53014
-19345
90139
80366
64956
-93015
56476
24410
-30393
71859
51643
51423
-40351
89110
-86538
52967
25946
-55302
37424
64895
89053
62460
-336
-61262
78448
-36510
-91724
50095
83637
-71192
-49988
-95036
15615
-17768
9780
-60304
8255
81010
-46552
7577
31548
60295
23628
92895
90684
-83674
85014
-63803
35969
-45647
47033
-14791
73598
25402
37750
-1218
-17752
-54602
20498
39756
-10262
43202
-7126
77174
88986
78453
68639
81747
-30700
59927
26924
-49600
-35377
-26861
46299
-21751
-41053
-21983
-24240
84785
-45664
80942
84808
28189
-16890
25777
-8564
46928
89179
-28315
-24558
-68052
50333
77372
42394
-466
3424
-9526
-61603
-23860
-88973
-24600
87207
-79283
-9203
15966
71959
-32775
95910
25587
-43905
-47030
41184
-28925
47329
82497
-28797
-64015
-71367
61396
94220
53834
-37274
-36442
-86693
75592
39209
-40842
67233
-38964
-86240
-73734
8344
-13416
88051
23837
-73643
78570
-63964
-98642
44271
-58597
6668
71151
24701
25160
70534
-47714
98157
-24701
-15808
-25181
69318
-84491
-76549
70996
50505
-39125
40286
93642
89560
-90223
-54108
9546
-53919
-90474
4069
29861
-51160
96346
-24118
-90179
-97571
-21779
48887
58015
-71872
-12171
-25404
19104
68116
42422
37446
29476
-64821
32176
22688
-28478
-49456
-70471
-13314
-57404
91658
20301
69944
-32560
88376
-51190
-96308
93099
-11629
-22662
48840
76790
98517
-49364
-53996
60158
67438
6296
12119
35077
-14036
-77263
5076
75441
-74996
-51561
-63140
25161
-15170
-34976
-98210
-31637
551
-38260
17109
97592
-30010
-13591
-20847
52688
89499
50176
-97003
-31436
71359
-5746
81605
-38055
-83715
75056
-69009
22000
-19573
-58132
6277
79850
31732
84433
-18479
80955
-69221
67434
-22658
-3651
61120
-42106
-42557
-64986
25352
-59844
19269
96014
58790
-2057
9011
84009
43978
23424
98534
40907
74088
-42745
99716
-35129
78347
97850
56189
-78539
37758
17112
38457
84488
-5161
-79526
47893
-70586
-83811
43562
32510
-47006
50130
40682
-60718
-56868
-13986
36404
15825
-69529
78335
-46156
87935
52868
28143
-76161
33791
16780
-85416
18864
-65412
34544
8901
19746
47825
-84865
46485
21209
76362
-19216
89603
-94294
3795
-33296
-99210
95508
-42879
51600
-80856
-88128
11069
-9684
83601
-83286
41862
-84205
-81908
23750
-91681
-24741
7182
-52819
-64499
68171
91178
69313
10195
-1838
264
17581
-1042
-1527
-78963
78973
73484
41374
-65138
71320
-8835
-68902
-53215
40839
3037
38632
-66617
90803
-41624
-99090
98227
-94041
-21786
21373
76553
88506
42723
11182
39443
-575
-39795
-35117
20750
-9257
-59336
-27741
-50591
90060
-70419
-91555
73066
9901
61198
-95899
-36911
-45977
-82361
-73551
55698
-91199
17031
56705
76166
84362
-87240
-35845
94128
-88404
5451
15071
-38570
41494
-43045
97757
-85204
-63265
32093
-24172
-38616
91762
51023
-16402
51381
56740
76300
-15940
-37898
-20895
-62446
73070
36642
-42055
8412
-21226
-27871
-84021
45940
55101
92731
-54090
64100
77930
11988
45712
29924
-87710
-9714
68641
75988
-83
37484
-16446
82533
9137
7022
-60884
-21387
-1314
-51798
97765
41014
24130
-36832
-40928
-21164
85487
-62160
21379
-84895
47426
8180
9185
46089
38934
-64849
1821
-36337
-33155
-46697
-13424
69530
-79273
17908
-2725
-75762
40413
89945
-50067
-86490
-29625
-1128
76599
58589
58052
-89633
-80921
-50675
99674
54031
89872
76016
46499
-43111
25670
-45241
-12716
-20522
-95981
-44476
-50187
94373
-69247
95789
97743
25546
-36406
82354
58440
84488
-46389
3974
-37261
44724
-15691
-25798
-212
22224
39893
70058
-5823
-19149
-31434
-5722
34431
30358
22160
-74151
89376
23074
99656
-16053
-46752
-2822
-17970
8509
-88016
47462
-41995
94314
-61748
-95749
-31640
45047
53100
51818
88746
9465
-22618
-60047
-48570
-13528
-39702
-428
49366
-35584
30888
44347
71601
79528
-11510
-32544
28089
89676
68216
93880
28606
20803
-55899
92091
-7680
-55629
-63311
88825
43273
28009
-51753
42117
68246
-84604
37348
-91134
-80515
75168
-87283
-98327
8106
-63958
65334
-39332
-82183
85380
-60409
-97604
-42664
32574
19540
-2168
-84154
61961
67176
74785
61616
26669
72827
27888
-95877
-98267
39516
44610
7829
-96894
-95616
38783
89318
-27979
40440
-24847
-95507
31652
82939
76693
12872
-53007
-71947
-74752
37464
-60968
-36832
-49687
62471
38007
-33831
-7086
-29923
4044
-79286
-2207
6437
20323
48111
-36245
82776
-40793
-21364
79317
-78867
71372
70365
99120
-91695
-75490
6241
-579
-1128
44887
24781
-85290
66919
-97523
84246
-55073
-78325
31034
13746
69058
-13160
48335
-75002
38453
-88846
-39769
-44579
81479
48579
24649
-28935
-87795
-80511
79418
-26502
42352
47720
72519
-91375
-52984
-17560
-95896
-45695
53887
-62202
97198
86833
4410
-79832
-21547
-57415
47838
-36962
48555
2015
77480
41705
-13040
622
98078
93919
-63313
80698
89835
-79441
31279
95416
-9336
-85924
-74393
14580
-39145
-80073
-10716
58641
60921
56135
3993
-14443
-92234
66231
-28349
18109
28608
-40195
-6727
44975
-1585
13206
-51310
78177
53583
73191
-367
-77536
62166
-22569
-35395
86937
-80731
-78495
-29753
-59572
-386
86561
66173
-59558
93896
2137
-16985
-5445
-72069
-76009
-98639
-19190
16584
-5650
99582
-29283
-73201
-65265
-77116
-50877
12978
17661
46010
45421
34333
6966
-72923
-93116
-76507
-7224
45285
-75604
56480
56773
-14953
987
-96765
-23494
8477
1659
-77797
90013
46679
-36367
49935
36604
-55545
79651
-194
-55567
-63604
-29505
-21061
-29639
29269
-61745
-83415
-56168
13947
-27659
10389
-21422
26938
-79836
-5334
-34019
-35358
88979
63848
29971
55662
61656
-48739
20025
-71958
-64483
-20136
-98226
3728
-12912
62579
-415
-13613
15401
-12251
12883
70665
55816
-64316
-21243
-15940
58128
82266
-47348
25569
-17639
-53434
4396
-16340
-23599
92642
82179
65911
28714
50963
-36450
-14571
-1420
-26521
3005
-4314
-70145
47810
-47624
55248
43033
-52834
78706
44205
-92945
90634
21011
85694
-45042
14938
-23630
81622
-81871
7254
76417
30889
-63516
66025
-20615
-36556
-33762
72664
-59593
87494
10920
-1175
-80611
17720
56744
25628
52631
5068
40081
32805
81327
9655
42513
-90363
-5752
83929
40746
55666
67295
-77723
-71330
-34928
72386
74245
-6937
-56396
69607
60609
-88388
47644
69091
77595
69539
4757
97311
-13074
12841
-72228
-97235
-74151
-32174
-41804
33870
95783
35999
46274
52179
80267
50794
-42058
16858
-1927
2533
21389
78141
54295
80993
31194
-60484
-9569
-93562
26555
-72594
-22555
9045
-77494
-69574
91404
-62861
-8688
-18240
-10068
19362
-45771
36607
26596
-8696
24823
-74409
14862
89266
82652
18606
-16400
-82391
-21288
-88287
86326
-69832
-94080
-10065
69861
-71332
77508
-56916
94114
-36060
35264
-54269
44679
-58022
-13234
46761
11770
21124
-39221
6180
65087
-51648
-51140
67897
72309
13281
3699
-92348
93301
60984
-48273
17853
55242
12604
1930
-98834
84742
-43693
-46055
-27034
97217
84486
-83600
51348
-73327
40742
-50990
-4110
-14546
-48339
19944
-70128
-31226
75820
28315
38337
67538
-17843
56492
1879
60250
2903
53879
-70055
-8794
-7730
20025
61837
-54773
76577
85070
-22027
61083
54709
-77783
76189
-64887
-17901
-69104
-37460
-19947
-69343
-52016
-2141
81780
-62944
33909
1833
9638
56349
-63859
50681
587
10897
-51306
27577
66592
40870
81779
69151
-54588
45467
-56258
28356
-24284
-63223
-50954
-17535
18227
62374
-85947
-5881
-97488
27037
-64209
-48849
648
47215
32497
71198
29753
7252
79489
28902
8955
86159
16353
28109
-56156
-78329
48215
-91911
99506
-42190
-23431
-91430
-27949
-41059
40930
-24327
-55906
19884
48281
94646
29843
44107
33904
-70323
50133
-70062
-29775
42372
-3830
42093
98386
-89093
99230
88476
15701
43223
-42711
11451
-73153
92935
71356
96960
-35112
-21958
-91551
17894
-31105
-8623
-77198
15099
-69228
-37887
-44982
93360
54120
80652
-8085
86319
59976
65877
12241
-56489
61520
-63501
-45836
-45752
-84440
49441
-8036
39534
-26316
56462
41234
-55861
-15157
84563
-23288
-24154
50139
-29918
34850
78074
-75038
-64457
96632
7897
-84459
-27302
71939
-66738
83874
-65216
-34549
-61664
86487
-15565
-35106
99615
77270
2944
28308
-62731
51368
65780
-29558
64577
8586
-1651
18486
-80204
66101
-75596
5604
35164
96556
-27065
82112
-3251
19195
27937
-14204
52556
-99352
92079
-75584
91609
20179
66419
74101
82790
-6095
-83399
40096
4258
-42898
12628
-44465
29686
-29605
-15363
-25658
-11460
43474
51501
-65766
48410
27228
-9891
78926
99820
-87310
-87957
-73898
64149
20476
-95732
-67432
-58586
15680
19673
-99823
12145
-46964
80510
-65420
70392
-20868
-58326
-28168
-75532
71596
-5515
-34362
-78394
-2524
74196
70108
-56609
-86425
3898
63998
-19913
90313
83354
97979
-38621
12520
71831
-76093
84470
-75049
-99716
-44053
24992
-79569
-65214
55629
-40706
36169
78253
16671
-97566
-97887
82346
-9935
-68388
10707
81936
-65352
25226
-81433
-39983
419
-76583
91565
-73150
-72947
-17857
-3646
-21553
-64053
328
97435
-65097
68185
77507
-62552
-82067
39069
47663
-97779
59991
70398
-56978
15369
-7939
89381
-44149
64647
96154
-60319
7927
61500
79979
15968
-43051
-77276
-73664
-63297
97249
-67716
54553
91367
671
-7848
12561
-17555
-63345
-35045
-27395
68983
-77915
-34945
45069
57548
57288
89052
59276
-25310
81004
-92969
72597
-20925
-46144
35724
59102
33568
-50548
96042
2695
-22526
69389
-85696
-37259
29731
1157
-70445
-36802
30962
67269
55695
-81385
38487
-96837
-5341
-17039
-65402
1407
48997
10326
-4210
43224
79029
-54710
99944
23473
-80866
-95625
53973
-82297
-96385
-31270
-43445
-89560
-84149
4326
32804
-24899
64776
86811
31346
8903
11037
83975
5454
-78393
67913
40657
40943
61493
-59976
-27264
-78086
-18760
-79285
34035
-46733
-59269
40611
-14345
2427
53730
66276
70351
78534
68599
-82669
-18691
83153
14684
91354
-37443
-84821
-35912
-77400
13897
-69595
18848
60509
59601
-85575
-18922
74608
94430
72504
94159
-53956
-68689
-96680
85571
-64031
83893
-97025
-57053
30131
-9114
37102
35586
88944
-32040
-56232
-2517
-66726
96549
-29546
92134
-69053
-92305
-12179
12544
-28702
37325
-83257
-31070
86731
51165
64503
-79797
30062
19327
33898
-5596
-85467
30969
48605
-56254
-3613
-58763
-33123
-73025
50447
76716
89472
-69766
-40126
94191
33385
-99327
-88456
-96779
-35893
-87947
23670
-4586
395
-60657
-53087
-90730
44930
87176
94161
71888
9935
-41145
-15642
-34920
9119
88819
-16131
-28892
-79583
49824
-2271
-68700
31607
76508
-86193
-52986
-41494
35207
-87961
5100
-81932
21921
-25995
-18553
-14201
-77355
44989
19733
-97911
-3291
-47396
-23561
47798
-20332
93875
63241
-36409
21615
-3460
55108
29331
-48772
92010
43277
99355
-35742
-60530
-98329
7488
-93733
-38922
41962
-9188
66708
81786
-97485
-12178
-99617
98948
72308
-1362
93483
90635
-19388
-72751
-46210
38887
-37566
10052
28982
-84299
-62678
86555
-26646
-75614
-88492
-39321
36251
8280
83722
-2354
20182
96057
-77744
52245
-74946
32494
-65001
67042
3376
-80384
55161
48850
-83673
14028
73655
-65736
-37932
-23539
-31583
-17423
3010
83691
92768
-14476
-16624
18687
-28709
-38761
-80422
-46861
-64320
53277
-71434
-59261
-72303
-56911
17851
22173
-17679
6564
-68350
40489
-6078
-45570
18467
-19179
21463
-30530
-68566
-76297
-58683
79845
-20252
84734
82682
58152
-89428
-43634
-14071
-61118
-76090
86425
-34931
-6745
3873
34600
-87168
77519
-21661
-31799
-54422
-91853
6008
18541
45739
96104
44210
-34503
-75169
21121
-73286
-63355
-68162
-96866
-83834
-41729
-65734
-48061
5010
-2420
79905
65228
69000
-77970
52652
53647
-32152
-80343
-94286
-83100
-48161
69341
16242
-66239
-75889
-13087
-67881
-88808
20847
-86726
-55963
50440
13549
89905
3546
30056
-92272
330
79100
11847
-54700
-7216
-43714
-50940
-27916
-26638
16919
-61038
-90917
60984
62313
61736
-35569
69680
-22640
30781
8001
44359
25575
-84015
-77005
-26659
405
-64025
9899
-47714
68467
37839
-34688
65348
42516
-94881
269
87005
-5861
25746
42742
27055
-9814
48282
31699
-15694
1811
-29107
-52863
-93168
-16409
56530
-42586
-92319
-26356
-84641
23649
38787
-6302
53089
-38983
-58156
-73751
-35026
72193
-36784
-30132
39903
93215
-85344
-42483
50914
1822
-6991
-54463
-53837
-37990
55325
-16638
93489
82878
-5948
55074
-92606
84405
83647
-7809
48806
47746
-62749
47615
-50656
29034
42114
-18984
-53979
28564
-90049
-76340
-85276
-39020
57722
-42641
-94776
38005
25301
-99821
-13038
60991
-47188
-65793
-10673
87940
-53480
-15174
-84388
-94256
-61279
53776
84731
-62867
-70923
37965
-4347
-80987
-2066
84690
73575
3703
53620
-73516
-11773
-20895
-15432
-64231
-58712
91981
14522
67579
27716
70178
-16827
-54334
85383
47318
81812
60880
-6461
-41480
74465
54389
-54033
-809
-19569
92412
80485
-22795
-66617
-53415
91058
-99529
84027
50165
2655
48762
-91512
-52269
57912
-16582
60269
-42094
67679
48255
-72709
30071
-63132
-13187
95387
-79604
-37611
-9086
-16241
-55990
66772
-76742
85851
75642
67536
91177
-11986
17081
-97013
-30477
-45033
-34585
81711
-82229
-8124
-32719
-71680
88852
-99665
-87379
1171
14876
92042
10009
-56396
8532
29258
-723
-7927
43136
-1605
-73412
25695
51533
70647
98768
80134
-40865
-57361
18302
-80678
-91242
-22692
-94737
-16451
-31547
-72547
-80549
-10398
-55408
-1576
-57820
91885
-80339
43404
-75594
-11409
55721
60863
26546
84681
-91876
13068
71346
-56747
59204
13823
-58817
-85961
-73456
-13206
-46117
-50197
7290
82765
45257
89277
91358
41590
-30463
73171
-26201
-22039
-37729
-74857
-86989
2996
49886
44090
28699
-59738
-85712
-5411
-99000
12094
-77029
-22786
73544
63863
57342
25915
-47657
-74576
-93254
-45749
-55218
67297
-23504
-78521
24143
-69721
-19168
4193
23455
28213
73287
-30531
-76110
68261
42639
1587
-51535
-2740
-7
-3164
-51089
16857
-88304
-30979
15275
21912
-30952
-40692
-29599
47913
-83842
-60383
97193
82575
74972
-74650
-77533
75149
-9878
41937
8524
98300
54593
-40359
45123
-84014
1477
36991
9741
40381
80110
24472
50133
-38228
24849
-21658
-79303
3495
87250
-90897
31622
49741
35480
49811
77611
62600
-61348
-68469
98492
17713
-54681
-56179
-44455
-49479
-66922
-88813
10985
-79457
79077
14135
-47069
64423
-61235
55988
-32397
-16180
90605
-82434
-77187
1737
45847
4164
44717
-14508
-27596
36233
20103
-96759
83608
63330
54029
36986
9994
-70504
8643
-60773
-61151
48529
54123
52745
98804
-73733
-72309
47504
-73526
-25003
40413
-9857
7712
-30759
412
71648
27293
49952
59635
24006
-90179
-54859
-27802
5637
-62290
62069
59555
78471
81839
5308
-89834
3754
-13101
81014
-37721
-87079
95493
24575
-29593
-2367
-94697
-11431
-20556
-18487
-26509
28875
82500
79529
-74253
-40243
-64772
-21231
94962
16158
-15887
-29374
91050
9254
58591
69228
-76594
-50734
15793
-44586
6737
94234
26998
99096
35397
-1982
-85266
35074
-58327
-82799
-18441
86009
32853
5744
-64441
37438
49074
-92412
-54456
-49469
-47381
-84894
-34598
-91331
19655
-86747
-5530
84715
-47805
-28179
-3439
21692
32415
4056
66568
-67528
78565
-91989
-36578
-2361
28132
55724
16943
-53448
24408
53847
44528
-8313
-9758
-57136
-32194
96335
80578
-76305
-25271
-92805
1335
-86985
-57295
50014
-43818
-41975
69706
-40989
77653
-45807
-29462
70809
7349
34553
-94744
78834
-97668
24281
-65315
69704
-54597
57585
-97782
-41341
-33838
59473
-19926
86840
85956
68490
-27812
11098
-1310
-8588
20323
-33941
-42798
22342
-20795
77522
36482
63474
4111
53219
-73180
-98074
34090
73632
-1898
47182
69696
55653
59658
-25898
-21757
79414
-71662
26284
-83266
-11846
-27522
67928
-14768
-27417
-31542
71997
86408
70778
-21674
-50623
-60697
35605
-37007
-85117
57295
5931
73154
-16223
78456
-63319
89080
-93328
71809
30383
-22510
-31993
9724
6063
1783
93129
-90742
52836
85616
49957
-50215
-10041
90460
87005
-41709
79914
40151
67330
24711
76126
-6023
32989
-21306
-55440
72389
46341
-52517
-22987
-74414
23412
-66461
94227
-32196
90103
46546
99994
-52010
78182
-12016
71556
-76591
-41738
-6865
-41456
95090
-19500
10224
-13148
-2566
-31696
53503
-22917
21572
-69125
23348
-85929
66303
52980
52125
62700
-81332
23789
-49002
31197
-68591
78440
52
38893
-21788
8293
-85828
-60475
-63991
-47494
-10172
7267
49265
19949
-62455
-17062
87608
-52721
-78816
27816
-12804
65421
-53647
-17841
66330
-84793
-98765
18503
-28297
-45112
99542
-55802
51068
-58468
28339
-76921
-66078
61082
13694
66064
12567
5747
12466
25147
484
-98777
-90111
39927
-47725
91537
-2194
-96310
-15534
98403
39207
-50042
-95304
77405
-98919
64282
92309
-34773
-40686
81803
-9731
-18187
-66202
-73076
545
31946
54316
-19754
-56217
-82886
-88016
-21829
-23762
19518
90796
36390
56334
37394
-11439
13682
80035
-64928
-10155
28497
-5825
96638
-50606
-56777
5746
-94987
-40122
-41196
90622
-65606
-44638
92433
-94256
54584
32286
-55702
-67714
-3901
86413
70535
-90206
-1646
67856
-32947
40177
63351
-87264
55693
-87428
73531
-71659
71328
-94825
-87356
80813
-69647
9255
16474
-319
-67601
43466
-33747
24360
83990
-59859
-46131
82240
79762
65232
-97561
-21065
10328
73451
-73529
73665
36395
-29228
63262
58763
83691
-64044
9792
-72498
34108
88420
61925
-69137
-25891
-70113
-72144
30479
-47926
59646
-47637
-31058
37139
-47133
-6173
84401
7415
-22576
-57960
-89671
43691
30116
-45555
80408
26003
-13335
-38526
-99283
-96658
76064
-76669
-71052
50510
75380
29526
-60903
-76386
34140
-80327
89677
89681
-73448
-32920
68909
-39403
19734
-22400
-30762
21707
-86872
-73836
-54203
-89660
-23830
-5572
77410
-18026
11672
93603
-69618
-75097
98758
-87971
-97465
-63721
73894
69659
-55302
-13844
-6277
14744
63002
-29665
92169
-75634
-2320
-10158
-52062
-70160
5061
4923
19678
-28741
1113
80853
25369
10556
70091
-56280
-70363
-65263
82496
90424
-84627
-58216
-72813
9059
54861
26530
49145
77836
14861
-52484
60254
-451
-5996
60263
-92446
79428
90651
-65750
26636
27958
-70395
7815
15523
-87949
-83397
-31420
71697
-17625
-96760
84698
77714
37577
94936
51165
89732
48114
-41284
75595
-11317
36078
37128
80418
83652
62067
-75033
13468
73464
90487
-34838
26334
-9364
73987
77286
68140
893
-61032
46366
60671
-85696
-96948
68663
-58863
32531
23021
29980
-56641
-80375
96982
28882
-15948
-36852
-13258
-27083
-86801
32888
-41619
44309
68641
-743
5716
-38397
-79336
20348
16441
50217
17466
-76927
30667
17196
-17147
-68882
30383
95359
71277
-95342
-73093
5759
8092
-90607
46048
43942
-99956
-76173
58388
62284
67126
-20152
33257
47412
-45776
71598
76022
19592
-10648
-4752
-85773
-41564
19133
-12976
46840
62465
57273
24029
87867
72272
-4765
87672
18628
-70110
-74458
99051
72729
-41871
-99425
-10516
-6903
66110
-23459
43573
36835
-1987
84050
-72129
-88000
-56968
29085
-63183
87919
94644
89152
7272
-71961
-33340
60131
-48641
-50837
-68348
2995
-43485
19811
-50041
87901
-11413
-71750
98482
8650
-87811
66000
76197
54353
-67699
18097
19901
72610
54485
32172
-64706
30764
-98863
39031
92994
-87268
45024
13458
53385
26597
33256
-53548
81355
51664
-54479
91494
-66346
-72854
1556
72365
57429
58901
-15631
32149
837
9750
59644
81538
99851
-34926
-28279
4299
-10122
-22885
18710
-65038
-63777
8198
57948
83504
96195
34294
-21642
83892
43604
-17711
86613
93152
45118
65827
-43025
-47339
-45026
63621
87271
-23827
79991
-9484
76258
-65221
86226
70416
-53388
32092
42210
82009
66953
-15490
86214
-69748
99432
-7663
47398
25926
52779
49589
74891
86154
9439
76748
96049
39959
-25046
10726
-96653
37030
-72090
-93376
-158
-61904
-86090
75703
-85162
-47597
-30014
96656
-57812
-24866
79146
-34317
-61615
-83739
81035
-22631
-46523
97550
41865
-91532
-5974
18644
-73136
61509
77085
93853
47294
-41200
94619
69638
47133
1944
-37716
33935
82485
-24598
81649
74193
-87685
29
1595
9200
79607
-18040
44736
-85897
-96602
94948
-34113
-46762
62676
16146
-40874
66143
84714
86003
69772
-3599
97946
54241
43291
93580
58174
-48497
90031
-49276
-22884
17654
-53489
78954
-80479
-50986
-54441
92696
34701
-68713
-1120
-89348
12330
-26833
45908
-30732
-65904
-57814
53088
-33150
-98521
-13345
22245
86040
-59419
-89530
-59708
-15425
56468
-86669
63936
61378
73510
-21055
28594
50123
44221
-6131
-80895
85514
-16676
37729
-42339
-51800
36473
-82128
32419
-58222
9033
42365
40780
5753
-75898
-8407
-42015
-44071
73889
-12999
-13213
-5420
-23042
-42736
97304
62078
39067
24480
47150
97167
70210
-97693
-69927
75358
-9297
16828
-36995
68365
60878
62825
-36083
-89547
78926
-15869
-26
-70280
1155
-32737
41619
89785
-25859
-93524
35493
-1707
34823
33361
16800
27612
-88505
-22292
70794
-49535
-16032
34714
-78414
-74846
-56119
41026
39776
-98079
64346
-82837
-44745
75724
65023
-44118
79674
11203
-72757
-46109
40969
84219
94347
14094
69492
-81095
95792
79842
-59695
-93774
20383
87922
-13043
-90069
-77057
-80799
-85774
-53341
-33964
46298
-81535
50722
-40325
-32197
6858
1720
18259
65207
6023
13514
-17057
-95573
2105
76501
-68987
40203
-98454
68145
88818
62096
-83423
98170
95546
53513
-88069
83732
-80972
-6232
31815
-72178
-24022
79798
-21003
59007
-77324
-26202
14734
-15
3576
73204
-91921
24253
-59021
39845
-42364
-64249
95757
2496
43058
-22674
66211
-62232
-21867
77547
91188
69853
-2187
-97078
45103
45508
-62940
-67695
-89050
-98682
50134
56409
3306
40811
43530
-77685
-20128
-44936
96161
94361
90300
-9862
-44495
8174
69327
34362
-62657
-57807
-51768
-42122
61712
-33746
-49059
-69953
-52459
75892
48712
-85743
96881
43878
20917
68997
44091
-80826
-23808
76078
-82342
-34284
-74257
-48249
90208
52199
27714
-13270
-6379
-66390
75976
71828
-38519
-73774
-25254
62402
-81701
-49276
-16695
27365
18134
-13927
61570
72863
-19870
81785
53136
-60051
48256
48599
-4451
-17076
12278
-55793
-98734
-17893
-35467
-41929
86698
93938
67991
14327
-27471
-5763
-64793
78147
92144
-13083
25817
21332
16747
-5959
-19923
27656
44617
-71471
-53923
69227
59023
-78512
-26439
-63300
41195
-48507
-30995
92294
64264
-79956
90690
-80235
-95117
32953
65577
-91823
52539
51755
6203
54674
-44227
-90391
44597
-31681
42467
41473
23759
71418
-61037
-4103
2891
-41462
54560
92211
-23717
-64904
21818
31366
33801
-76262
4014
-4615
31640
-97224
73717
-37379
60965
79348
-56526
98497
34777
-63203
16974
-58261
-53039
48467
48324
72861
-61675
92916
91890
26747
-5944
-89405
-42638
99615
27832
-39249
-83522
-30701
-3155
-38654
-88779
75265
-45796
35760
-5301
1736
23122
19182
-87827
-89540
70006
-15047
-72941
84480
36674
66085
-28305
94487
-30974
51684
42698
49464
-54427
-1261
71357
-774
-4240
54056
71268
-79596
35440
-34049
-1348
-41569
35363
6389
-7490
-9552
27627
26382
58390
-98271
31553
-63571
15316
-56588
-39710
-79792
34883
68683
-26388
-44553
-60616
-51004
-58750
-5046
57816
88036
-68981
73305
-39617
8688
-13434
88810
-70289
26226
77007
25518
25572
-44766
54872
-57731
69675
7714
-94116
-36124
-88690
-66476
50336
55280
-57761
-64683
65030
34386
-89727
50016
-61501
-85344
-56395
-32299
-52805
35434
6287
57117
47745
67148
-95119
88625
90834
73472
-25695
-77522
-43222
17755
58997
23578
26266
-55287
-42496
7680
57506
-62589
52737
-52321
63371
72922
33904
-30658
-56033
89841
79723
-10171
18874
56377
54821
-81954
-39756
-855
1046
-65342
-71539
-95659
-46956
37025
32214
79402
10046
-60794
58731
-74756
-53490
24746
61152
57237
-89767
39311
31944
97232
-69194
-75571
26416
72855
-65836
58197
41370
-99686
77880
70192
13114
36850
10279
-2908
-88613
82882
38888
12448
-39842
26385
-62
-8114
54415
94351
99632
82637
51026
-74385
11539
-64904
-33280
25079
-39049
-78028
-25744
56838
42535
7124
-32418
-50450
-98567
85899
94942
-98136
51515
36980
-69112
36252
-98115
-1689
71585
-46151
80293
-17189
7176
-5034
-72060
-59426
11692
70806
53451
-33512
-31502
40536
11034
48024
-4149
60400
-27764
78416
4190
97911
-46603
8325
44730
46161
26476
-53150
-2951
46563
45466
26814
-33474
-19613
51427
-9730
84941
4367
92880
-63807
72827
-68783
96035
-39767
17072
83320
-57587
-73713
-43782
33259
5004
-11281
44330
60963
82729
79454
85280
-86355
-57864
2001
66691
-98614
-76122
-61904
23645
57350
14131
-76895
-83202
-31033
-41865
-2788
-79019
59653
-90103
89921
748
5026
60947
72012
36578
-24904
86543
56623
-84937
-54054
67848
29595
15073
-97193
-47124
72198
35830
-25026
-48949
-91190
57159
33837
35217
83094
-39269
61268
-55572
76691
-90547
-5697
-37281
71709
-99925
-58727
-77235
-27665
4709
-7430
75547
3584
6286
53637
-47490
35723
-95972
93180
84450
-82013
-76364
44072
-25422
90352
46568
52812
-8749
-8912
-27516
-40678
58954
-49007
19212
5894
50708
-98781
-31553
-54116
6727
32707
-72091
46441
-81025
31902
-22864
-10880
-69327
34555
-32448
41008
50704
-34427
81978
16069
-1151
47631
26780
-36228
98567
-10960
20284
78675
20775
53833
-92831
26345
-69521
-32415
-82292
315
66110
-42229
77448
83809
-39726
-17234
8114
-7438
35398
40417
-97452
83715
-30965
-34921
-24689
-75619
4577
76605
96290
-10349
-80070
45372
-53212
24926
-17721
-7323
-42705
50395
-29464
-52085
95600
79072
-50149
30809
93229
-47659
-38433
92788
-36547
-30426
-45795
-39915
-46846
-34544
62161
-6670
-59107
-72033
-68575
-79425
77160
73912
29149
60911
-98264
41944
-88921
26429
-2694
62704
-17316
29064
50606
-27981
28661
-52062
33990
-26530
4301
-41780
96652
51169
-66382
-85806
37818
10933
25388
41759
-91464
31720
-8961
3210
79919
-54178
19851
-68447
83040
35844
20604
-17254
80672
-97794
-96902
76712
-44753
-536
52307
-73590
-14689
-5209
60636
-31922
-50940
43802
-31096
-37836
-29377
23560
60716
-10060
-4076
-51789
30749
11134
-44811
9862
83687
97183
-2402
-4297
5012
-26697
18155
-52844
49791
-65623
50966
79833
-40083
-73820
88957
-29235
-38186
45579
13303
-154
-48604
-61768
93604
-60797
23990
-97447
-53704
10499
30966
-64750
65321
35530
39980
88890
-17234
27564
-21348
-34209
47361
48854
-87494
4438
-74055
81021
-57181
-84262
-43517
-33340
24921
65114
-74756
17926
95190
-12272
-31904
-5376
-5548
46892
46143
-32442
-9786
-94801
7940
-68219
-7964
78149
58748
-47845
51218
50967
70358
70165
41148
-54246
-25392
-6911
-14780
76473
33809
27793
93075
17160
-79446
-105
60868
-24890
21569
65599
-62029
-56072
67924
-11556
10576
65484
60513
49851
6108
-81298
-79262
-57533
-9921
-40175
-17823
-16933
71183
-23623
86235
-29884
58698
68989
3666
-28894
16627
-4799
96056
53857
36560
18040
8524
-56139
-51796
-93945
-67222
90781
-38494
73545
-34033
95002
83683
96539
-79012
-44800
-56246
4083
-72997
-74952
-83278
24042
43768
-85890
-93089
4074
37358
-78177
-72756
-31200
62031
-59296
-77899
71660
2195
-18901
-39876
-35147
93355
-25506
16171
64228
-66862
-65587
38082
-55277
-92511
-90785
73945
-6457
-14751
24821
22471
41710
-28589
43797
16613
-64581
82877
41371
-53591
54882
56653
19680
65425
96322
66684
47845
14026
37221
67716
67648
39928
-18825
-8992
26262
41470
-40460
-76524
15831
-19295
-4113
8056
-31894
-59180
-20421
-97233
-99976
37184
98782
-64270
-9853
-24827
22997
40272
-97820
80294
28956
98042
25060
-21459
-97606
12836
-23213
56500
-39389
-98108
43710
-2052
-50568
7934
46945
14584
3481
-34492
-57200
87416
93231
69342
2163
-816
-42174
-31062
-79236
10687
63924
-37201
35426
60750
81908
79474
-28733
-25374
69989
94753
39445
-29530
8240
-50717
-82053
-52184
-64185
-24085
-71071
66957
19365
61934
18690
-28662
83624
63251
28973
-50773
-15946
-94916
-60115
-86990
40239
-94199
-51258
-73190
-26046
-29433
-67222
87484
14928
90606
-97850
-38971
-76356
-60500
-96140
29388
-43066
-10370
10164
-18323
30651
-2641
21552
82697
-91681
-13428
-78970
96757
-61704
-85310
-30138
2871
-81287
42394
23246
-52394
-49618
-34444
28
-96693
-68029
87349
-34737
872
16119
-35208
93362
-91216
-47787
20805
92760
-75369
36613
74589
-45357
23948
2006
78636
-18183
-15311
-58421
64931
90902
-88942
95225
44069
36557
-67982
-33596
26151
67384
-21668
-47906
-5517
-86346
74770
-42909
-70397
-38143
65913
13812
-14931
-96051
-56128
-27623
53274
-68635
3758
-36276
-97660
-88992
52325
81076
24589
80461
56293
-59370
-2641
-76544
-34799
-58661
31050
-76040
79816
62174
-11285
99114
63874
-84258
-84331
-6804
68971
-59652
83848
40601
-71848
-67016
27885
-39006
-16969
46368
68990
98363
-8953
15007
92201
-49416
-94403
80682
-971
-6109
89896
-64681
-34282
-89649
27219
85237
14688
46544
-22743
42274
82724
28474
-50252
48557
-51077
42506
-8862
-15150
91994
22786
-27826
56940
45364
-57967
-81945
39234
-59362
17803
-22492
-30965
41978
-3764
19034
-99812
67254
32633
-637
92323
-51364
-95093
62459
-4560
62581
-37404
-15932
89006
-83396
72566
41284
1578
-50227
37381
79103
30429
44563
-59596
60704
-25780
-15433
7427
68009
-15584
-71043
-74767
37153
72724
-82521
-88525
-65981
-53171
-91802
-47027
-71937
27236
-49769
-74113
-91660
49687
68231
1868
72470
28426
37840
63570
83845
54743
-32908
-87133
-3963
-42139
58847
88178
-81421
-96570
-45281
71900
28819
-79040
22698
67488
-84088
-5386
46281
94898
9039
-3251
85711
-84717
61725
-30319
38679
-89344
92492
-81549
-20334
-79570
-43404
36179
-74541
-73465
90099
-39441
39371
1012
-50335
-49375
37938
72196
-34789
49429
63925
-53103
46387
96396
46313
8838
95587
-72341
67411
51142
-6163
76814
20250
84169
74389
11955
-72711
-56272
-52711
44170
5265
32302
-11524
72368
-58535
39958
57264
16132
-7641
-17385
44200
-14894
-2556
8093
66000
12876
90281
-15210
59491
-36897
47625
43032
-43921
-1680
44241
95186
-33393
-5626
18594
17309
4094
-99949
90398
-90914
-25425
56175
-95727
35688
-64589
-20875
-98279
-21270
-41834
-43686
-17450
-94312
80805
-27660
45139
34026
45836
49597
49844
-59443
-75284
-90108
20683
-6767
-59078
-63718
-30535
-3772
52608
-34502
-38922
-32828
-21278
-75908
49549
4804
49176
-43001
92483
-79763
89682
-14884
26493
-54675
27998
80773
84247
51055
-75001
56036
68363
-21254
-90204
91572
51069
20
-79428
-85341
-12342
-8793
13850
9188
-68402
-40568
95999
71122
57889
-97003
66169
65725
266
-85811
-20103
37463
-89205
-16294
41539
48088
-60789
-14324
31701
82915
-42120
-59841
-86757
76589
91778
2991
16815
97352
56010
50799
32311
-76386
-41782
13229
-24036
3369
-61200
-65348
-11876
-78362
24742
49799
95379
-87074
43694
4645
-31173
-77698
4471
31549
13899
82942
-65823
99762
-64645
26070
46616
-48068
27889
3630
70983
49770
-48594
47106
61479
92850
37428
-35449
-36479
-81219
-30203
12739
-15220
79499
50999
-76514
-70501
76094
8418
11028
-4248
-8694
-50065
-15921
-9685
55681
71811
-93655
-20094
-55631
-8324
61538
15922
63363
-61775
15464
-88236
-38793
-47654
79662
-2006
-59108
98635
90968
-77505
-70543
93876
-85704
-36287
62792
-61288
-24586
-96400
-10014
81874
-70830
-20016
17980
23519
-94037
-13001
-45210
93989
41034
-44459
-46575
43241
37171
96701
-32195
43864
26622
63326
91345
-62947
82208
83174
75180
-95180
-1275
52831
73939
38097
-88602
-33034
-55352
-84243
-25548
-47389
82590
61995
-28886
-86085
21886
71640
-97816
-82542
1880
73112
-28878
73796
73041
-5571
-71717
-94999
-23325
70239
1324
-39401
-202
33310
86040
-73890
-17306
27051
56527
39345
-76926
-51132
-47867
31242
20058
46980
86769
-94367
-89580
-35148
38783
-20066
-12557
28432
3127
95137
-58843
-95184
-9094
79388
-7749
-6840
63900
-20747
-38081
31400
-27681
-83745
64047
-32451
1494
-92276
45474
-26549
-40865
-60231
-10403
2982
72210
-64018
-76986
91336
193
36503
77732
60549
63977
79967
-40382
9401
-36991
50181
-59958
11795
-18111
58693
-13680
17747
42143
-65457
-45800
71041
-63673
52313
41912
79319
-46966
-63796
-18998
80494
84847
37312
-64545
12738
-61950
72027
48070
-58569
-16771
-82223
46103
39712
88597
-68966
-51731
-16744
-61853
90599
-92272
-16458
8538
7807
-20480
16130
95457
66945
93551
-28226
-60166
-50735
-72011
-65517
-51570
-93133
99871
60427
61728
-30044
58755
48646
60527
-39468
56332
-39135
-39468
80191
-93163
-5822
-79166
80392
24938
-64850
31681
58521
22883
86651
70280
-1969
-51772
1570
28829
24216
-63952
-57065
-49339
-40684
-91552
7109
-96065
-29259
8277
-41659
94606
75987
-46829
98646
-46376
-82663
-53581
15155
61758
28435
80319
-14831
19942
-35308
12081
6133
-89036
59365
92762
-288
88796
-17976
3324
60302
94633
49929
55662
40550
37686
68137
84578
-89905
36485
-71344
18386
19773
-88881
-35586
35974
40999
3707
92720
-89711
46197
1554
35299
65320
-87078
-50232
-23670
15226
4343
-20163
-25050
20939
-56357
10745
-22820
60729
-85701
80867
35520
-62713
21524
69371
18409
-76292
89437
31244
-70333
-52875
53471
82482
43237
-64531
3040
8412
-15207
18197
-93470
-53109
18929
54747
86812
-47065
19192
-76360
-34443
-15046
81329
70020
86507
-57010
88317
92220
-67614
-76095
-70073
85133
17807
66218
-4857
-77638
37315
85408
686
90545
34130
60451
-58084
-732
44269
-227
-88491
-55204
-12132
48240
72891
-60655
-57501
-62093
-53112
86658
-86550
9990
-19244
-18862
91407
16983
-24298
64220
-52632
-69184
-65510
-46824
-99074
63200
-33649
-96800
20230
30450
30716
42475
-98493
59379
29359
-37642
-43148
54366
72876
24705
18944
7518
15834
-79185
57605
57313
-98277
-35850
43482
-27095
62467
64793
46158
-45570
-87177
-51546
-61136
-85566
71252
-8507
-90374
-61891
-91499
74849
51543
58147
-21766
-13202
-77010
-87147
-71456
9302
-53274
-57707
76184
-25452
60193
73257
81276
83460
55967
50020
47371
-53491
19364
96433
51772
-5579
-90605
-75588
-21542
-15375
-3382
-664
-82262
98821
12020
44302
-82981
-23236
23421
-64730
-68013
82090
-28063
-13700
38163
8464
37532
-44991
82407
-45199
60446
-84748
-71348
49780
91293
64882
38660
-77018
26789
89811
80526
58538
85284
-24716
11949
59604
-17035
-31932
37728
50770
63379
-7240
-65997
61032
47491
30127
36237
91151
65637
30479
29107
-52839
59752
-38994
85751
-23851
-49261
-99586
-69013
-93713
21866
63960
-69087
93322
-45650
61299
8693
8538
-88075
-12499
-8342
46909
67117
-44337
-97039
67934
-47260
80883
-26174
-33306
-82218
-19320
-21283
32825
44177
-15086
-98393
-70159
79787
-12632
-10515
3821
89896
49139
61478
-92368
-53960
-49140
-13358
-11412
76284
25595
24387
-90679
69253
-64413
26221
-59267
64416
20748
40762
-12154
21233
8515
94664
-85315
36596
-21529
48096
90045
77785
-17293
45536
40479
-95094
-45406
51361
79697
-13042
-7308
-82643
-60861
-26480
-91829
-11094
-1633
64236
40056
-56493
49679
58777
2122
-50880
56025
-69370
97011
-19186
84881
-17556
86080
-91709
-28829
8493
-77247
30299
-37704
-2592
18464
-20668
-43341
37651
-20750
-54122
-70580
-1902
-90198
-47022
-75725
16332
32643
-93464
26527
31086
-59610
-50138
-10841
26739
92005
37265
-18642
-14191
-62437
-74244
35304
77397
-65209
-46212
89941
-90418
20420
1603
87086
36929
-69635
-98923
-18479
-88458
80106
55788
-77174
-12631
22388
-87905
-72973
36466
72748
95442
-18086
-94107
51403
98834
-18174
67470
-44991
-15884
-47426
-49526
-24879
-27478
39532
-16337
15635
75931
-69159
-28526
-60857
-58714
-28268
-69995
-96001
63301
46702
34757
-73163
-45847
42220
-8167
44012
-16512
-28946
-62892
84642
-25744
50492
-35821
-55102
-81325
-18375
60763
-11202
41709
16299
-86703
-65902
-92400
23400
77077
-86774
-72232
558
-85897
-77425
11795
2738
-53081
84727
56269
55387
65011
80912
83334
16873
61563
-6776
-18096
-12882
-48057
86882
98810
75864
39849
-79410
98113
22079
48842
-65451
-75643
83133
22755
-74504
19428
-18633
79431
68930
86178
22000
23350
-39263
-41334
-62325
61727
-32354
-4724
2780
-51936
83399
74373
-13407
-14866
18825
27796
-92067
-82865
24606
-70408
-7872
25475
20911
-55226
-26008
-8613
58450
50648
-66605
33155
-73017
6348
87242
-71956
-14576
45791
70249
-81408
-20802
39656
20841
5071
54805
8381
-37459
62758
-36118
43641
-58314
26451
615
-82683
-10684
-45412
81943
54919
13022
14125
48691
-10295
42744
81962
-38094
-54627
73699
75532
-79581
93820
86622
50520
27567
-70031
55232
56257
21348
-14705
45512
-74401
16710
-53818
-19251
6376
-81753
56830
-71494
79701
56344
-671
-14172
29576
69080
73058
-83883
-76268
-42955
-63584
52244
97915
66758
-99952
98463
-61537
73246
-60884
18744
39265
-23585
2231
61368
51501
17220
-48708
-46088
78655
-17006
-21427
49494
78142
-20165
13961
88164
-9754
-76594
52758
-97872
60298
33804
5957
-66563
-22882
-83640
-3211
43886
-86073
-99779
84380
46808
-5827
-71244
-26021
-91826
-38333
13171
84083
54707
3355
63896
-16605
86587
346
6439
24
14082
42899
-44631
73667
-54542
24484
-63544
-50658
45600
819
-5553
9375
-59560
-24380
75653
-67089
-64800
-96959
-81193
69971
-95883
-62253
89094
27585
72471
14487
-64408
-77806
-64029
68360
9014
19545
82292
58447
11595
63380
-52868
19116
33540
11181
44716
17976
850
-6859
-40824
-51296
11351
58485
-98053
51503
30588
91604
-37938
86680
31525
-29418
7698
43174
51087
-3802
-91229
-90074
48937
26685
84780
-3380
-70335
52113
26230
81009
-79012
-62753
91413
91704
37994
96760
-26752
21880
35515
-79492
37194
59926
-76815
-35715
23850
65324
94428
73994
75300
-79532
79325
66117
41347
51946
-18081
60704
-86166
-9942
40255
-97174
22911
19022
34391
23006
50461
92365
-13096
10366
-7486
-22768
-24186
-56089
-90740
82203
56666
96457
-20290
90571
47772
-31727
-83900
64967
24036
51556
-55677
50171
-86469
72050
-23519
93299
63660
-92844
-24813
27076
-78371
-66755
32538
-79852
-27164
-33927
-65256
61427
-26345
-27854
-32641
-96277
94361
-70758
58288
-54227
55128
93715
-60381
72793
17087
-3068
-54021
-31515
83703
-38083
27118
-52602
38251
-91326
-10125
-77875
-61971
56118
-59591
30009
97331
8251
444
-37624
73189
15391
90316
67136
-56148
-44726
51455
92508
-9541
-85759
68364
-30691
98045
-69593
-86232
-56065
21638
4528
24841
-20999
24850
95598
97244
39597
-38748
-438
79178
84970
2254
24410
-31155
-61950
39052
13962
-96891
-24295
17655
140
77862
-17245
39002
79011
-89248
-74477
39275
67096
-7247
13190
60035
70935
-28543
-12191
-29136
-29985
-74238
-33064
71532
53138
2538
20876
77023
96369
-36615
92495
76131
54330
-48902
36302
-11551
77659
80952
-52836
-17879
43553
-97228
76370
-97779
-82187
-96865
7806
-74389
37694
-72762
79699
16901
-7853
-42482
90120
-25736
-33967
-49386
-91077
-93788
62371
-75899
-85089
55749
72125
-43161
57125
67269
-68074
85617
-68549
-77355
58514
-65946
-1445
72069
69844
48391
-51565
-70943
82361
-51697
-33590
-22781
22409
73140
-80152
67452
18867
-27548
11931
81461
75001
-15222
-32541
-57542
-80603
-27311
-83646
348
1866
-12797
-84256
-32305
-30620
-53357
15494
-81808
28901
-47396
59986
2926
-53223
69209
28989
-71576
-62285
41723
13050
-42752
60947
68647
-72148
15757
87537
-32106
-72924
-90862
-80885
-81542
49774
90721
-34308
16885
-95081
30469
-60979
71144
67860
-99773
-90082
74222
2362
-30156
-60258
83515
-13537
2584
50638
-99030
35104
85494
28628
25341
14309
5883
90779
-81624
41591
-40796
-99133
774
80685
26370
-68228
48699
40326
-5912
-12591
78739
-20616
5018
-85532
65746
69626
-76233
-4225
40149
-10855
-78909
20491
99348
-23990
69814
-46754
-53701
45352
-89690
706
73207
-49930
-21653
82421
2263
-72012
65312
80575
-5822
27533
-77754
65882
14814
92760
-50334
-63315
-90642
-49382
-93351
88675
55437
-37483
28249
1913
-83487
41702
68665
-19331
30989
39969
17783
-95697
-90290
-11059
-85306
-11470
89008
-88777
6301
-69018
-44510
71402
74932
37132
20159
77754
40656
-60953
94262
51872
-38925
-81117
-90333
92796
-62883
28160
71398
-95003
23527
62102
-87994
-36383
83840
70075
-65781
-96235
-54846
65848
-86904
-19434
-74496
19586
60229
-55255
54938
-83234
-72126
-70069
30323
55969
61383
-42179
-83457
-46879
11728
-11568
93443
77837
5384
-15004
-68333
79329
50986
43100
-64000
-15698
-44103
-88050
55473
-54532
-12050
-83427
-68348
-28201
-62976
98587
8830
-55947
82529
-3026
45072
-56745
14992
-36131
52564
-89332
-65038
-73795
65726
60547
-1400
-58646
-95903
27655
-78840
-98336
-98107
-52968
-76633
85267
70853
55642
-25622
9110
81797
24783
81497
-66736
-45957
-62491
67726
-28973
37124
18074
8011
-37282
-54244
60048
81318
-90138
56309
-52814
88009
31042
60445
-76926
64414
-21043
-8813
9782
-98802
46200
-38229
-49694
-69197
38988
-74918
62246
-5130
99525
41485
33048
-42519
21691
64223
72838
-45446
-27537
-86089
-49218
-70462
-60884
79632
24364
30420
-53778
-58120
75673
-88698
-85837
69046
-4529
-25273
-45058
13946
-34102
-12367
61695
98812
18789
-88645
-72627
94095
-86249
40865
-53893
-58570
-92381
27155
34978
-69575
-81425
-38318
89111
16607
55374
51981
-14549
9855
-47899
95844
77432
-14624
-39691
-71130
-14507
-40289
-74294
-37841
93396
8159
-47583
-1557
-42155
-80725
23467
53378
26984
-85756
14259
-62005
-43334
59759
19273
-53323
1536
-2094
-64243
19993
88696
-49104
65680
-5998
-29302
-46992
-11949
-66653
-91587
81458
49072
-84363
-26442
-64217
-70874
22037
20213
9634
-55121
99318
-9934
-42367
-22626
58239
-58899
67247
60308
-55453
51551
44901
-39785
-77332
7923
36778
28244
-43261
55079
24122
21310
-26818
-96198
91369
12226
92984
-35342
-35033
-14202
13835
51903
-41698
55129
-60949
50392
-98669
9516
-88407
-89499
23378
92276
32177
-91187
11594
39230
3368
25637
82623
-74311
18604
29836
-36952
-78219
46404
97415
-96744
81707
91833
6592
-42851
-65211
-6047
-22461
-37332
69774
-76216
-95825
25772
75383
-20089
-57585
84367
20398
49521
95896
53002
-93601
19233
21572
-63661
84322
6262
-51518
-2897
64314
21712
84523
66042
-99643
64444
-81467
893
81076
-12731
39177
-91425
-22251
11647
97365
-29277
82990
60563
42196
50792
-45698
79480
-78778
62648
-12000
92875
-85632
34935
76856
-4583
-86484
-70911
389
-4163
21989
62302
-89286
-4168
-3942
-54055
69914
46483
84778
-82435
46999
85948
-46336
-63718
-12201
-37444
41461
-70232
70141
25434
93299
97204
52074
84246
-45004
97439
95301
99461
-40903
-15993
-7539
-29914
32006
78317
10868
-27349
-85724
-83389
-2270
-9501
18596
27461
31452
38066
-67833
23250
86076
39435
77814
39684
-23385
18483
62778
-3493
76503
81724
-82797
-50625
20028
-77113
-78984
2415
-53126
-24405
-79829
-71331
-56808
-27664
-70634
82735
-61215
30109
-60548
-46456
36495
64436
-94052
-23148
9192
78887
41933
-65390
24231
-9115
10134
16355
93386
69000
-94369
-23581
-50439
-83499
-94224
-39097
36215
68996
-11952
7922
51703
-10140
71903
69358
-14461
27440
55545
74549
82678
38979
43777
16721
20063
-20287
48701
-65409
-19655
-54981
-31841
-40551
26941
-2509
-24465
-87596
-61114
-7432
-25451
19518
-56389
62170
-57850
86597
40330
-25225
-52217
-54031
85627
81628
74681
-59765
-57729
-37635
-69351
-89213
-16999
50608
-66846
15576
-31736
-3093
-51636
-46220
47452
85371
-90907
74470
-16916
-9863
-61218
-2243
17552
41522
-57377
39891
-20948
-68153
-93467
6053
30919
-61889
20072
-16057
-59092
-98875
93592
43168
33014
-13157
69671
84929
-22522
24232
-24024
97698
50399
74820
-61443
48172
90983
15895
-11216
80655
-70558
91795
25562
-89494
-63452
77735
44430
-69362
-19239
-93500
5284
61879
-42233
16909
-6312
-75757
-14445
-85574
59423
68116
-48843
52943
38001
-41767
-27144
-48695
-94090
-78088
41141
16774
77488
76044
-77095
34162
3395
-49027
28572
-16702
58117
58617
34101
-85308
74788
-5350
4217
-61217
87685
12103
-3104
1217
-2265
-96805
-25381
-9582
-7895
-19238
16805
47071
-77037
-43457
90802
16449
94387
8949
15999
-24337
-57064
90841
11105
90999
8578
-63414
53925
56745
-77436
-62346
-45531
-20510
24416
37704
-12073
-82669
54842
98210
-1494
-76814
-98265
7337
67459
-28349
8662
-54153
45703
21141
86186
48875
97982
-64106
-47766
-51240
78
-24119
45192
28604
-88929
-20835
53408
-20331
29525
46612
93948
21491
-41144
-92965
-99359
-59624
-31141
-21313
67917
66870
23873
-67448
71393
74565
-24585
9355
-52979
28945
80313
69026
-35841
-92544
-68712
-27330
29250
-82509
56995
95445
-5167
52322
25956
48261
14312
-32391
64625
79807
24791
81992
-68652
-2168
34355
92140
50801
-95401
-31964
-57311
52477
-84662
-61692
-16198
20859
81739
-64481
-6314
-57190
-86136
-28522
-5324
9973
66788
-6681
-87230
-24016
-23543
38834
67495
-79861
34707
-49193
64634
-51963
-75226
56961
97297
-56187
42530
-15431
-17108
79560
-21076
-28839
79684
82967
80445
-4967
-74878
40095
52055
-7823
-62326
-96619
-64100
35835
-26229
-2217
27113
8001
-10789
-57263
-73152
-42886
-59485
31958
-42037
-50608
46448
60806
80788
37796
39485
86789
44470
84094
98261
-70125
9404
20715
-79973
-69444
-65599
-95445
25702
-8719
-18323
81154
-4955
-63559
15851
56670
37133
-10335
-54857
86094
-20129
-92461
95155
-68911
-41711
-66259
81991
-62682
80367
-40605
-19410
-67142
-44992
-65865
-79395
11360
81093
-70713
-79623
-95071
26944
98530
13048
-88855
-48528
-71737
-91404
72959
34605
55497
-84464
22967
-68826
-33675
-88655
-82634
-20926
75003
-97308
97800
-74703
-67549
57756
-46156
54036
-47565
-51561
75793
-7848
-92330
-76203
-61844
95611
-27288
51978
-8817
-7673
-57911
31238
90986
60682
-36608
32358
49483
-82086
-74021
51554
-96335
38631
-43116
87645
-49787
-26113
-54971
97661
40804
-98866
90145
-74131
-43898
32171
85534
24443
-3934
83011
54502
-51471
15255
76560
-71866
-52592
-6986
-487
11173
-43830
34807
-40349
6844
-70419
99598
-17614
-67595
22133
-71082
36243
-64372
29975
99825
-5301
84740
-24432
46048
89303
-89355
-78440
-13987
29423
-69665
868
-25653
19785
57388
92983
-18210
80105
16380
-40789
45205
6766
-23824
12187
-50512
-81753
24695
78030
-3678
-52999
-96649
76726
28882
76185
-72430
3905
14834
37012
72634
77345
-77717
-68748
-62418
3497
5021
82199
54811
-73335
94361
-55771
-83037
-4656
-47811
-11230
-47503
55965
5981
-67819
-38955
11333
90106
30838
-26989
87038
52546
55621
-28442
98260
68776
4919
-6652
24735
74765
58116
6022
27017
34064
-26891
-61367
19179
-71679
-67969
-34284
28277
30357
-39492
64723
-64714
-92209
-73890
93409
-86146
-82115
30583
77761
-92988
-53052
304
58488
78049
-14291
-59962
-20636
63044
63376
-74747
99274
-79942
73298
97029
36301
29024
22164
-47065
-23045
73563
30521
28516
32328
-31407
42196
-9924
41696
43293
-95368
-91717
12828
-68770
566
17995
-17541
-1346
16013
20496
-90568
-91387
-53635
45926
72860
-20559
85089
-56971
28838
12900
-64745
-18091
87622
1995
27783
-71327
49121
76953
28595
73035
45171
79666
41398
50001
23160
24757
47391
-59025
32824
-85389
2599
-30954
29680
54938
-963
61727
77337
-7526
-25437
-15988
-83899
-92622
54786
-88173
-66394
-3948
-8545
94525
53083
-92949
63880
-10542
-235
-74481
12236
-9523
-6319
7984
-7917
-85203
73340
-35977
-35090
-38496
69891
-18185
55328
-77734
80352
-82830
-20070
-69993
-11502
-55494
-94833
41142
-14511
-90202
20824
72429
10748
48910
34941
10407
-30108
-94652
82441
23129
54137
-94171
-17028
-979
49514
2315
-15480
50087
-74382
28020
-73771
81105
76976
-46023
-11929
30215
31797
74951
-10992
-56320
61173
-21483
-4755
14292
-47111
30272
66577
-80256
40465
-43881
-24672
-30492
-87540
-22060
50345
5389
-40786
63727
94743
-75894
88142
51569
-75167
55153
-11700
-28340
-82366
48485
39215
24588
11963
-45019
-8954
-79904
70796
-20873
32288
-21381
13484
73921
41544
-17857
-47552
8609
5460
-34133
63830
35100
18811
76045
43540
-52657
-95124
64585
84374
35325
-51100
51216
30863
-44176
73226
94565
22498
-29763
67228
39649
61067
13698
48404
90477
64300
-84303
36909
-47402
-4508
21238
-61270
-36988
-60555
95673
79649
-21285
14134
7547
-16467
-83111
66180
-46639
8118
-30025
-24753
69356
-57904
-32775
80054
57609
-38100
6395
-37484
-70232
-60689
-49691
-92738
-35621
-18594
21676
27240
46754
14329
10629
69586
-90300
-47050
-58226
-28511
-64236
-92361
-32263
-27184
72666
44364
-53867
68897
-88930
89392
27360
-94782
-85497
-77999
-17712
57705
-21887
-83333
6694
-4728
76074
72341
-76327
4043
89853
-63153
-38124
-70658
49677
92539
31137
-68375
36828
74120
52153
37693
-33991
30141
-76342
-37590
57239
-67946
-17842
-13680
53177
93262
2223
96181
95024
-38151
10852
-42851
-62179
-72000
-54085
-43873
-28030
15205
7053
-33336
54528
-85340
28544
39845
-1774
83400
-70388
-17035
43063
11091
24480
78975
-35422
-27194
-62013
-4843
24576
87608
-3600
-19215
-94476
69187
58810
-90875
93842
73597
-85668
81058
76055
-37171
-33683
44894
844
-18928
67496
83662
-4880
79633
-68005
40223
-38034
15973
1835
-97938
3016
-33014
-21124
-76342
98355
-38276
-22033
-44849
-57998
15040
65505
-16853
68933
6506
-91119
-28163
-79004
28894
23493
93184
8255
-12779
88058
10720
-73682
-57967
83102
-31589
32732
-82603
-7763
10328
57841
91163
43583
93406
-14340
18819
82245
-92831
99747
-86343
68132
68189
-51834
65191
16235
68060
-64325
-99194
5031
-47552
64704
-19903
-17760
50944
-78444
-70948
-58628
-34568
35362
87056
70178
-65897
55717
79766
7561
-16272
18355
25400
92720
-65002
-31665
-54524
80215
55456
-14127
-26129
-47922
-77876
8657
-3636
-52319
3152
-1088
49524
-41153
-94565
-93979
46415
69635
60432
64266
-40046
-76676
21221
-48026
-31376
83831
-55762
-86950
5128
62006
12434
57389
-31802
-60875
-76654
-3552
-55404
48699
-69238
-96300
88372
37845
14074
18936
76582
29538
-68933
-41153
87056
-46747
-50050
-30217
-24513
95675
29543
158
-65870
13064
