Złożoność obliczeniowa: O(n log n)
Czas wykonania: 0.009952 sekund
-99976
-99956
-99952
-99949
-99925
-99894
-99851
-99823
-99821
-99812
-99779
-99773
-99716
-99699
-99686
-99665
-99643
-99617
-99590
-99586
-99557
-99529
-99435
-99425
-99359
-99352
-99328
-99327
-99299
-99283
-99257
-99210
-99194
-99150
-99133
-99090
-99074
-99071
-99030
-99000
-98923
-98919
-98875
-98866
-98863
-98834
-98802
-98781
-98777
-98765
-98734
-98682
-98669
-98642
-98639
-98624
-98614
-98567
-98547
-98521
-98493
-98455
-98454
-98400
-98393
-98336
-98329
-98327
-98297
-98279
-98277
-98271
-98267
-98265
-98264
-98226
-98210
-98136
-98115
-98115
-98108
-98107
-98079
-98074
-98053
-97985
-97974
-97950
-97938
-97911
-97887
-97878
-97872
-97857
-97850
-97820
-97816
-97794
-97782
-97779
-97779
-97693
-97668
-97660
-97606
-97604
-97571
-97566
-97561
-97559
-97537
-97523
-97488
-97485
-97466
-97465
-97452
-97447
-97339
-97308
-97235
-97233
-97228
-97224
-97193
-97174
-97078
-97039
-97025
-97013
-97003
-97003
-96991
-96959
-96948
-96902
-96894
-96891
-96866
-96865
-96837
-96805
-96800
-96785
-96779
-96765
-96760
-96759
-96744
-96693
-96684
-96680
-96658
-96653
-96649
-96619
-96602
-96570
-96416
-96400
-96385
-96352
-96335
-96310
-96308
-96300
-96292
-96277
-96235
-96198
-96140
-96132
-96105
-96065
-96051
-96001
-95981
-95977
-95972
-95903
-95899
-95896
-95883
-95877
-95864
-95825
-95749
-95743
-95732
-95727
-95697
-95692
-95659
-95639
-95625
-95616
-95573
-95507
-95480
-95445
-95401
-95368
-95342
-95304
-95221
-95184
-95180
-95124
-95119
-95117
-95094
-95093
-95088
-95081
-95071
-95036
-95019
-95003
-94999
-94987
-94919
-94916
-94895
-94881
-94880
-94833
-94825
-94801
-94782
-94776
-94744
-94737
-94697
-94670
-94658
-94652
-94565
-94562
-94533
-94486
-94476
-94403
-94402
-94369
-94367
-94312
-94294
-94286
-94256
-94256
-94249
-94224
-94199
-94171
-94116
-94107
-94090
-94080
-94052
-94041
-94037
-93979
-93945
-93925
-93797
-93788
-93774
-93733
-93713
-93655
-93601
-93598
-93562
-93524
-93503
-93500
-93470
-93467
-93464
-93444
-93440
-93376
-93351
-93328
-93269
-93254
-93242
-93220
-93207
-93168
-93163
-93133
-93118
-93116
-93110
-93089
-93044
-93015
-93009
-92988
-92969
-92965
-92949
-92945
-92931
-92896
-92844
-92831
-92831
-92805
-92765
-92738
-92622
-92611
-92606
-92563
-92544
-92511
-92477
-92461
-92446
-92433
-92412
-92412
-92411
-92400
-92392
-92381
-92368
-92361
-92348
-92330
-92319
-92305
-92276
-92272
-92272
-92234
-92209
-92189
-92067
-92061
-91989
-91964
-91921
-91911
-91876
-91866
-91853
-91837
-91835
-91829
-91826
-91823
-91802
-91766
-91724
-91717
-91709
-91695
-91681
-91681
-91669
-91660
-91587
-91586
-91555
-91552
-91551
-91532
-91512
-91511
-91499
-91464
-91444
-91430
-91425
-91424
-91404
-91387
-91375
-91331
-91326
-91254
-91242
-91229
-91216
-91199
-91190
-91187
-91134
-91119
-91077
-90917
-90914
-90907
-90897
-90878
-90875
-90862
-90785
-90742
-90740
-90730
-90679
-90642
-90607
-90605
-90590
-90568
-90556
-90547
-90474
-90418
-90401
-90391
-90381
-90374
-90363
-90333
-90305
-90300
-90296
-90290
-90246
-90223
-90206
-90204
-90202
-90198
-90179
-90179
-90142
-90138
-90111
-90108
-90105
-90103
-90082
-90074
-90069
-90049
-89972
-89960
-89905
-89849
-89834
-89799
-89767
-89740
-89727
-89711
-89690
-89671
-89666
-89660
-89649
-89633
-89582
-89580
-89560
-89551
-89547
-89542
-89540
-89530
-89499
-89494
-89454
-89448
-89447
-89428
-89405
-89355
-89348
-89344
-89332
-89286
-89248
-89247
-89234
-89213
-89205
-89202
-89093
-89050
-89036
-89035
-89015
-88992
-88973
-88942
-88930
-88929
-88921
-88911
-88897
-88881
-88855
-88846
-88813
-88808
-88779
-88777
-88698
-88690
-88655
-88645
-88633
-88613
-88610
-88602
-88588
-88559
-88547
-88525
-88517
-88505
-88492
-88491
-88458
-88456
-88443
-88407
-88404
-88388
-88378
-88365
-88304
-88287
-88236
-88173
-88140
-88128
-88124
-88113
-88095
-88083
-88075
-88069
-88069
-88050
-88016
-88016
-88000
-87994
-87988
-87971
-87961
-87957
-87949
-87947
-87944
-87905
-87886
-87827
-87811
-87795
-87710
-87685
-87649
-87596
-87540
-87494
-87483
-87469
-87428
-87379
-87356
-87310
-87283
-87268
-87264
-87245
-87240
-87230
-87177
-87168
-87147
-87144
-87133
-87079
-87078
-87074
-86990
-86989
-86985
-86956
-86950
-86904
-86872
-86856
-86836
-86819
-86801
-86774
-86757
-86752
-86747
-86742
-86739
-86735
-86726
-86703
-86693
-86684
-86669
-86590
-86550
-86538
-86532
-86514
-86490
-86484
-86471
-86469
-86425
-86355
-86347
-86346
-86343
-86322
-86273
-86264
-86249
-86240
-86232
-86209
-86193
-86166
-86146
-86136
-86090
-86089
-86085
-86073
-86040
-85961
-85947
-85947
-85929
-85924
-85897
-85897
-85890
-85837
-85828
-85811
-85806
-85800
-85791
-85774
-85773
-85759
-85756
-85743
-85724
-85712
-85707
-85704
-85701
-85696
-85696
-85668
-85640
-85632
-85575
-85574
-85566
-85532
-85497
-85474
-85467
-85416
-85389
-85344
-85344
-85341
-85340
-85337
-85315
-85310
-85308
-85306
-85290
-85289
-85276
-85275
-85266
-85204
-85203
-85162
-85117
-85090
-85089
-85087
-85015
-84964
-84937
-84895
-84894
-84865
-84821
-84816
-84793
-84748
-84717
-84669
-84662
-84641
-84630
-84627
-84604
-84567
-84491
-84464
-84459
-84440
-84388
-84367
-84363
-84331
-84303
-84299
-84295
-84277
-84262
-84258
-84256
-84243
-84211
-84205
-84154
-84149
-84128
-84111
-84088
-84055
-84021
-84021
-84015
-84014
-83900
-83899
-83883
-83842
-83834
-83811
-83781
-83745
-83739
-83715
-83678
-83674
-83673
-83646
-83640
-83600
-83536
-83522
-83499
-83487
-83459
-83457
-83429
-83427
-83423
-83415
-83399
-83397
-83396
-83389
-83347
-83339
-83333
-83286
-83278
-83266
-83257
-83234
-83216
-83202
-83163
-83111
-83100
-83037
-82981
-82977
-82886
-82871
-82865
-82837
-82830
-82799
-82797
-82782
-82765
-82722
-82683
-82669
-82669
-82663
-82650
-82643
-82634
-82603
-82542
-82521
-82509
-82435
-82434
-82402
-82391
-82376
-82366
-82361
-82342
-82332
-82297
-82292
-82290
-82262
-82259
-82229
-82223
-82218
-82187
-82185
-82183
-82128
-82115
-82100
-82086
-82067
-82064
-82053
-82038
-82015
-82013
-82013
-81967
-81954
-81945
-81932
-81924
-81908
-81871
-81857
-81808
-81802
-81767
-81759
-81753
-81753
-81701
-81700
-81657
-81624
-81549
-81542
-81535
-81467
-81433
-81426
-81425
-81421
-81408
-81390
-81385
-81341
-81332
-81325
-81298
-81287
-81283
-81281
-81219
-81193
-81117
-81106
-81095
-81025
-80987
-80984
-80972
-80921
-80909
-80895
-80885
-80871
-80866
-80856
-80826
-80799
-80796
-80735
-80731
-80725
-80725
-80678
-80667
-80638
-80611
-80603
-80588
-80580
-80559
-80552
-80549
-80515
-80511
-80479
-80422
-80385
-80384
-80375
-80343
-80339
-80329
-80327
-80323
-80276
-80261
-80256
-80247
-80239
-80235
-80204
-80152
-80078
-80073
-80070
-79978
-79973
-79956
-79942
-79904
-79886
-79861
-79852
-79845
-79836
-79832
-79829
-79797
-79792
-79772
-79763
-79689
-79623
-79604
-79596
-79589
-79583
-79581
-79570
-79569
-79532
-79526
-79492
-79457
-79446
-79441
-79428
-79425
-79410
-79395
-79384
-79355
-79344
-79336
-79328
-79310
-79303
-79299
-79286
-79285
-79283
-79273
-79262
-79236
-79232
-79185
-79166
-79084
-79040
-79019
-79012
-79012
-79011
-79004
-79000
-78984
-78970
-78963
-78946
-78913
-78909
-78878
-78867
-78840
-78822
-78816
-78778
-78718
-78708
-78635
-78614
-78608
-78539
-78529
-78521
-78512
-78509
-78495
-78444
-78440
-78414
-78394
-78393
-78371
-78362
-78344
-78329
-78325
-78219
-78177
-78088
-78086
-78028
-78013
-77999
-77994
-77970
-77915
-77899
-77894
-77876
-77875
-77806
-77797
-77792
-77783
-77772
-77754
-77744
-77734
-77730
-77723
-77717
-77698
-77685
-77671
-77638
-77623
-77558
-77557
-77547
-77536
-77533
-77522
-77505
-77494
-77436
-77425
-77400
-77400
-77355
-77355
-77332
-77324
-77282
-77276
-77263
-77247
-77235
-77210
-77198
-77187
-77174
-77116
-77113
-77095
-77057
-77037
-77029
-77018
-77010
-77005
-76987
-76986
-76927
-76926
-76926
-76921
-76916
-76898
-76895
-76815
-76814
-76742
-76676
-76669
-76654
-76633
-76594
-76594
-76591
-76583
-76549
-76544
-76524
-76514
-76507
-76395
-76386
-76386
-76373
-76364
-76360
-76356
-76342
-76342
-76340
-76330
-76328
-76327
-76308
-76305
-76297
-76292
-76268
-76262
-76233
-76216
-76203
-76173
-76169
-76161
-76122
-76110
-76095
-76093
-76090
-76086
-76082
-76060
-76040
-76009
-75969
-75958
-75947
-75908
-75899
-75898
-75894
-75889
-75805
-75762
-75757
-75725
-75688
-75643
-75634
-75619
-75614
-75607
-75604
-75596
-75594
-75588
-75584
-75571
-75566
-75561
-75552
-75532
-75520
-75509
-75502
-75490
-75439
-75369
-75284
-75274
-75226
-75226
-75169
-75167
-75097
-75074
-75049
-75038
-75033
-75002
-75001
-74996
-74952
-74946
-74918
-74878
-74857
-74846
-74767
-74756
-74756
-74752
-74747
-74703
-74687
-74656
-74650
-74647
-74622
-74591
-74576
-74541
-74530
-74522
-74504
-74496
-74481
-74477
-74458
-74414
-74409
-74401
-74393
-74389
-74385
-74382
-74334
-74311
-74294
-74257
-74253
-74244
-74238
-74201
-74194
-74151
-74151
-74131
-74113
-74055
-74043
-74026
-74021
-74001
-73987
-73955
-73898
-73890
-73890
-73862
-73836
-73820
-73795
-73791
-73774
-73771
-73751
-73734
-73733
-73713
-73691
-73682
-73664
-73653
-73648
-73643
-73590
-73551
-73529
-73526
-73524
-73516
-73487
-73465
-73456
-73448
-73412
-73335
-73327
-73288
-73286
-73207
-73201
-73190
-73180
-73163
-73153
-73152
-73150
-73136
-73132
-73108
-73107
-73105
-73093
-73076
-73054
-73051
-73025
-73017
-72997
-72973
-72947
-72941
-72924
-72923
-72868
-72854
-72846
-72842
-72826
-72813
-72762
-72757
-72756
-72751
-72711
-72709
-72627
-72594
-72580
-72547
-72498
-72430
-72341
-72334
-72309
-72303
-72249
-72232
-72228
-72178
-72165
-72148
-72144
-72129
-72126
-72106
-72091
-72090
-72069
-72060
-72059
-72042
-72033
-72012
-72011
-72000
-71961
-71958
-71956
-71947
-71942
-71937
-71872
-71866
-71848
-71821
-71750
-71737
-71717
-71699
-71680
-71679
-71664
-71663
-71662
-71659
-71632
-71598
-71583
-71576
-71539
-71494
-71471
-71456
-71434
-71413
-71367
-71356
-71348
-71344
-71332
-71331
-71330
-71327
-71268
-71257
-71244
-71192
-71184
-71130
-71082
-71071
-71052
-71043
-70948
-70943
-70940
-70931
-70923
-70911
-70874
-70854
-70830
-70816
-70758
-70758
-70713
-70675
-70673
-70658
-70634
-70586
-70580
-70558
-70543
-70504
-70501
-70471
-70462
-70445
-70419
-70419
-70408
-70397
-70395
-70388
-70363
-70335
-70333
-70323
-70289
-70280
-70261
-70257
-70232
-70232
-70208
-70164
-70160
-70159
-70145
-70128
-70125
-70113
-70110
-70109
-70093
-70073
-70069
-70062
-70055
-70031
-70014
-70008
-69995
-69993
-69976
-69971
-69953
-69927
-69913
-69884
-69832
-69809
-69808
-69766
-69764
-69748
-69742
-69721
-69685
-69665
-69647
-69635
-69618
-69612
-69595
-69593
-69575
-69574
-69560
-69529
-69521
-69444
-69415
-69370
-69362
-69351
-69343
-69327
-69247
-69238
-69228
-69221
-69207
-69197
-69194
-69184
-69159
-69137
-69130
-69125
-69112
-69104
-69087
-69053
-69018
-69013
-69009
-68987
-68981
-68966
-68949
-68933
-68911
-68902
-68882
-68855
-68826
-68783
-68770
-68748
-68713
-68712
-68700
-68689
-68660
-68652
-68635
-68591
-68575
-68573
-68566
-68549
-68547
-68469
-68447
-68402
-68388
-68375
-68371
-68350
-68348
-68348
-68333
-68280
-68267
-68228
-68219
-68187
-68186
-68169
-68162
-68153
-68074
-68059
-68052
-68029
-68013
-68005
-67982
-67977
-67969
-67958
-67946
-67882
-67881
-67852
-67833
-67819
-67716
-67714
-67699
-67695
-67614
-67602
-67601
-67595
-67549
-67528
-67452
-67448
-67432
-67402
-67370
-67331
-67317
-67278
-67222
-67222
-67188
-67147
-67142
-67089
-67033
-67016
-66990
-66922
-66920
-66912
-66910
-66906
-66897
-66862
-66846
-66818
-66772
-66755
-66738
-66736
-66726
-66653
-66633
-66617
-66617
-66605
-66591
-66563
-66544
-66500
-66476
-66461
-66394
-66390
-66382
-66358
-66346
-66343
-66272
-66259
-66239
-66202
-66197
-66175
-66135
-66078
-65997
-65982
-65981
-65946
-65924
-65904
-65902
-65897
-65892
-65870
-65865
-65836
-65823
-65793
-65781
-65766
-65750
-65736
-65734
-65721
-65707
-65692
-65656
-65647
-65623
-65606
-65599
-65587
-65552
-65517
-65510
-65457
-65451
-65449
-65420
-65412
-65409
-65402
-65390
-65356
-65352
-65348
-65342
-65316
-65315
-65278
-65265
-65263
-65256
-65221
-65216
-65214
-65211
-65209
-65138
-65097
-65046
-65038
-65038
-65028
-65002
-65001
-64986
-64928
-64904
-64904
-64890
-64887
-64850
-64849
-64821
-64800
-64797
-64793
-64772
-64750
-64745
-64730
-64714
-64706
-64683
-64681
-64650
-64645
-64589
-64581
-64545
-64531
-64499
-64483
-64481
-64457
-64441
-64437
-64428
-64420
-64413
-64408
-64372
-64325
-64320
-64316
-64270
-64249
-64243
-64236
-64231
-64217
-64216
-64209
-64185
-64145
-64106
-64100
-64077
-64053
-64044
-64031
-64029
-64025
-64025
-64018
-64015
-64000
-63991
-63964
-63958
-63952
-63939
-63930
-63905
-63859
-63807
-63803
-63796
-63777
-63738
-63727
-63721
-63720
-63718
-63718
-63673
-63661
-63617
-63604
-63595
-63584
-63571
-63559
-63544
-63516
-63501
-63452
-63421
-63414
-63397
-63359
-63358
-63355
-63345
-63319
-63315
-63313
-63311
-63300
-63297
-63265
-63253
-63223
-63203
-63183
-63153
-63140
-63132
-63102
-63070
-62976
-62947
-62944
-62940
-62926
-62892
-62883
-62867
-62861
-62809
-62753
-62749
-62731
-62714
-62713
-62682
-62678
-62657
-62589
-62572
-62552
-62548
-62491
-62483
-62455
-62448
-62446
-62437
-62418
-62363
-62346
-62339
-62326
-62325
-62290
-62285
-62253
-62232
-62211
-62202
-62182
-62179
-62160
-62093
-62083
-62071
-62029
-62013
-62005
-61971
-61950
-61950
-61904
-61904
-61891
-61889
-61853
-61844
-61840
-61775
-61768
-61748
-61745
-61715
-61704
-61692
-61675
-61664
-61615
-61611
-61603
-61537
-61501
-61443
-61374
-61373
-61367
-61348
-61320
-61316
-61288
-61284
-61279
-61270
-61262
-61235
-61218
-61217
-61215
-61200
-61179
-61151
-61136
-61118
-61116
-61114
-61047
-61038
-61037
-61032
-60979
-60968
-60957
-60953
-60949
-60944
-60927
-60903
-60889
-60884
-60884
-60884
-60875
-60861
-60857
-60805
-60797
-60794
-60789
-60773
-60718
-60697
-60689
-60657
-60655
-60616
-60581
-60555
-60548
-60530
-60500
-60484
-60475
-60461
-60453
-60428
-60409
-60383
-60381
-60319
-60304
-60258
-60231
-60226
-60166
-60127
-60115
-60054
-60051
-60047
-59987
-59976
-59962
-59958
-59944
-59935
-59934
-59927
-59895
-59888
-59859
-59844
-59841
-59778
-59765
-59738
-59708
-59695
-59652
-59638
-59624
-59610
-59596
-59593
-59591
-59579
-59572
-59564
-59560
-59558
-59536
-59493
-59485
-59485
-59443
-59439
-59426
-59421
-59419
-59383
-59370
-59362
-59336
-59296
-59269
-59267
-59261
-59251
-59242
-59216
-59180
-59108
-59107
-59092
-59078
-59025
-59021
-58966
-58899
-58863
-58843
-58829
-58817
-58763
-58750
-58737
-58736
-58730
-58727
-58714
-58712
-58711
-58683
-58661
-58648
-58646
-58628
-58597
-58588
-58586
-58570
-58569
-58561
-58540
-58535
-58483
-58468
-58421
-58386
-58327
-58326
-58314
-58278
-58268
-58261
-58230
-58226
-58222
-58216
-58156
-58147
-58136
-58132
-58120
-58084
-58062
-58061
-58022
-57998
-57976
-57967
-57967
-57960
-57911
-57904
-57864
-57850
-57841
-57820
-57814
-57812
-57807
-57761
-57731
-57729
-57707
-57651
-57643
-57587
-57585
-57542
-57542
-57533
-57518
-57501
-57468
-57415
-57404
-57402
-57402
-57377
-57362
-57361
-57311
-57295
-57263
-57200
-57190
-57181
-57166
-57136
-57070
-57065
-57064
-57053
-57010
-56978
-56971
-56968
-56916
-56911
-56868
-56866
-56842
-56837
-56808
-56777
-56747
-56745
-56735
-56713
-56641
-56609
-56605
-56588
-56526
-56505
-56493
-56489
-56403
-56396
-56396
-56395
-56389
-56389
-56357
-56320
-56316
-56280
-56272
-56258
-56254
-56246
-56232
-56217
-56187
-56179
-56168
-56156
-56148
-56139
-56128
-56119
-56089
-56072
-56065
-56033
-56016
-55990
-55963
-55947
-55926
-55906
-55899
-55861
-55802
-55794
-55793
-55771
-55762
-55702
-55677
-55631
-55629
-55572
-55567
-55545
-55517
-55494
-55453
-55440
-55440
-55408
-55404
-55352
-55302
-55302
-55287
-55277
-55255
-55226
-55218
-55204
-55138
-55121
-55121
-55102
-55073
-54981
-54971
-54945
-54859
-54857
-54846
-54773
-54765
-54740
-54710
-54700
-54681
-54675
-54627
-54602
-54597
-54588
-54542
-54532
-54524
-54519
-54479
-54463
-54456
-54441
-54436
-54427
-54422
-54380
-54364
-54334
-54323
-54269
-54257
-54246
-54244
-54227
-54203
-54178
-54153
-54122
-54116
-54108
-54107
-54102
-54090
-54085
-54075
-54055
-54054
-54033
-54031
-54021
-53996
-53979
-53960
-53958
-53956
-53943
-53923
-53919
-53893
-53893
-53867
-53837
-53827
-53818
-53778
-53704
-53701
-53647
-53635
-53591
-53587
-53581
-53563
-53548
-53491
-53490
-53489
-53480
-53448
-53434
-53415
-53388
-53357
-53341
-53323
-53274
-53223
-53215
-53212
-53190
-53171
-53168
-53150
-53126
-53112
-53109
-53103
-53087
-53081
-53052
-53039
-53007
-52999
-52986
-52984
-52982
-52979
-52968
-52961
-52875
-52868
-52863
-52844
-52839
-52836
-52834
-52819
-52814
-52805
-52800
-52746
-52721
-52711
-52706
-52695
-52657
-52632
-52602
-52593
-52592
-52517
-52484
-52459
-52446
-52424
-52394
-52361
-52332
-52321
-52319
-52300
-52269
-52217
-52217
-52184
-52085
-52062
-52062
-52016
-52010
-51963
-51936
-51900
-51834
-51800
-51798
-51796
-51789
-51772
-51768
-51753
-51731
-51697
-51671
-51648
-51636
-51570
-51565
-51561
-51561
-51546
-51535
-51518
-51471
-51465
-51364
-51310
-51306
-51296
-51288
-51258
-51240
-51229
-51190
-51160
-51140
-51132
-51100
-51089
-51077
-51027
-51004
-50990
-50986
-50954
-50940
-50940
-50897
-50880
-50877
-50837
-50827
-50773
-50735
-50734
-50717
-50675
-50658
-50656
-50655
-50625
-50623
-50608
-50606
-50591
-50568
-50548
-50546
-50512
-50450
-50439
-50335
-50334
-50252
-50243
-50237
-50232
-50227
-50220
-50215
-50197
-50187
-50172
-50159
-50149
-50138
-50138
-50086
-50067
-50065
-50050
-50042
-50041
-50033
-49988
-49930
-49916
-49904
-49789
-49787
-49776
-49769
-49711
-49694
-49691
-49687
-49667
-49618
-49600
-49593
-49535
-49526
-49516
-49479
-49469
-49456
-49416
-49386
-49382
-49375
-49373
-49364
-49339
-49276
-49276
-49261
-49218
-49193
-49170
-49140
-49140
-49114
-49104
-49059
-49030
-49027
-49007
-49002
-48973
-48949
-48902
-48849
-48843
-48772
-48739
-48708
-48695
-48641
-48604
-48594
-48570
-48541
-48528
-48507
-48497
-48349
-48339
-48287
-48273
-48249
-48161
-48143
-48068
-48061
-48057
-48026
-48010
-47926
-47922
-47906
-47899
-47876
-47867
-47857
-47845
-47819
-47811
-47805
-47800
-47787
-47777
-47766
-47739
-47725
-47714
-47714
-47711
-47684
-47659
-47657
-47654
-47651
-47637
-47624
-47597
-47583
-47565
-47552
-47552
-47525
-47503
-47494
-47490
-47426
-47402
-47396
-47396
-47389
-47381
-47363
-47348
-47339
-47315
-47270
-47260
-47188
-47155
-47133
-47124
-47111
-47069
-47065
-47065
-47050
-47030
-47027
-47022
-47006
-46992
-46966
-46964
-46956
-46879
-46861
-46846
-46829
-46824
-46762
-46754
-46752
-46747
-46733
-46697
-46639
-46639
-46629
-46603
-46575
-46552
-46523
-46517
-46456
-46455
-46412
-46389
-46376
-46336
-46220
-46212
-46210
-46207
-46156
-46156
-46151
-46144
-46131
-46117
-46109
-46088
-46055
-46023
-45977
-45957
-45847
-45836
-45807
-45800
-45796
-45795
-45780
-45776
-45771
-45752
-45749
-45698
-45695
-45695
-45664
-45650
-45647
-45570
-45570
-45555
-45531
-45530
-45446
-45412
-45406
-45357
-45281
-45241
-45210
-45199
-45112
-45079
-45058
-45042
-45033
-45026
-45019
-45004
-44992
-44991
-44991
-44982
-44936
-44930
-44902
-44849
-44811
-44800
-44785
-44766
-44753
-44745
-44738
-44726
-44693
-44682
-44638
-44631
-44627
-44586
-44579
-44553
-44515
-44510
-44495
-44479
-44476
-44465
-44459
-44455
-44398
-44395
-44337
-44262
-44232
-44227
-44176
-44149
-44123
-44118
-44103
-44071
-44053
-43980
-43968
-43921
-43914
-43905
-43898
-43881
-43873
-43851
-43840
-43830
-43818
-43782
-43752
-43714
-43693
-43686
-43634
-43633
-43605
-43602
-43557
-43517
-43490
-43485
-43468
-43457
-43445
-43404
-43390
-43341
-43334
-43277
-43261
-43222
-43161
-43148
-43116
-43111
-43066
-43051
-43045
-43045
-43025
-43001
-42955
-42932
-42909
-42898
-42886
-42879
-42862
-42851
-42851
-42798
-42752
-42745
-42736
-42711
-42705
-42686
-42664
-42641
-42638
-42633
-42590
-42586
-42557
-42519
-42507
-42496
-42483
-42482
-42480
-42430
-42367
-42364
-42339
-42272
-42233
-42229
-42213
-42193
-42190
-42188
-42179
-42174
-42155
-42139
-42122
-42120
-42106
-42094
-42058
-42055
-42037
-42015
-41995
-41975
-41970
-41929
-41923
-41917
-41910
-41871
-41865
-41834
-41804
-41795
-41782
-41780
-41767
-41738
-41729
-41711
-41709
-41698
-41691
-41659
-41624
-41619
-41569
-41564
-41562
-41494
-41487
-41480
-41462
-41456
-41341
-41334
-41284
-41222
-41217
-41216
-41200
-41196
-41153
-41153
-41145
-41144
-41139
-41112
-41097
-41097
-41068
-41059
-41053
-40989
-40928
-40903
-40895
-40874
-40865
-40865
-40857
-40842
-40838
-40824
-40796
-40793
-40789
-40786
-40714
-40706
-40692
-40686
-40684
-40678
-40614
-40605
-40568
-40551
-40460
-40382
-40367
-40366
-40359
-40351
-40349
-40338
-40325
-40289
-40258
-40243
-40195
-40175
-40126
-40122
-40102
-40083
-40046
-39989
-39985
-39983
-39957
-39915
-39876
-39842
-39795
-39785
-39769
-39767
-39756
-39726
-39710
-39702
-39691
-39678
-39677
-39676
-39617
-39566
-39492
-39468
-39468
-39441
-39403
-39401
-39389
-39377
-39332
-39321
-39320
-39269
-39263
-39249
-39221
-39145
-39135
-39134
-39125
-39097
-39049
-39020
-39010
-39006
-38994
-38983
-38976
-38971
-38964
-38955
-38925
-38922
-38922
-38921
-38810
-38793
-38774
-38761
-38748
-38705
-38658
-38654
-38621
-38616
-38570
-38529
-38526
-38519
-38496
-38494
-38457
-38449
-38433
-38431
-38397
-38343
-38333
-38318
-38276
-38260
-38229
-38228
-38193
-38186
-38151
-38143
-38136
-38124
-38105
-38100
-38094
-38083
-38081
-38064
-38055
-38035
-38034
-37990
-37942
-37941
-37938
-37932
-37898
-37887
-37841
-37836
-37818
-37733
-37729
-37721
-37716
-37705
-37704
-37642
-37635
-37628
-37624
-37611
-37609
-37590
-37566
-37495
-37484
-37483
-37467
-37460
-37459
-37444
-37443
-37430
-37404
-37399
-37379
-37332
-37304
-37284
-37282
-37281
-37274
-37270
-37261
-37259
-37230
-37201
-37171
-37121
-37007
-37001
-36995
-36991
-36988
-36962
-36952
-36938
-36911
-36897
-36895
-36868
-36857
-36852
-36832
-36832
-36802
-36791
-36784
-36730
-36630
-36615
-36608
-36578
-36578
-36556
-36547
-36510
-36479
-36450
-36442
-36409
-36406
-36383
-36367
-36339
-36337
-36300
-36287
-36276
-36245
-36228
-36220
-36217
-36150
-36131
-36124
-36118
-36108
-36083
-36073
-36060
-36041
-35986
-35977
-35963
-35912
-35893
-35850
-35845
-35841
-35825
-35821
-35816
-35807
-35804
-35742
-35715
-35645
-35621
-35586
-35584
-35569
-35467
-35457
-35449
-35422
-35395
-35377
-35358
-35349
-35342
-35308
-35208
-35188
-35177
-35148
-35147
-35129
-35117
-35112
-35106
-35090
-35056
-35045
-35033
-35026
-35014
-35010
-34976
-34945
-34945
-34939
-34931
-34928
-34926
-34921
-34920
-34918
-34838
-34817
-34799
-34789
-34773
-34737
-34688
-34675
-34598
-34588
-34585
-34568
-34566
-34549
-34544
-34515
-34503
-34502
-34492
-34464
-34444
-34443
-34439
-34427
-34368
-34362
-34317
-34308
-34306
-34300
-34293
-34284
-34284
-34282
-34209
-34171
-34133
-34113
-34102
-34097
-34094
-34049
-34033
-34019
-33991
-33967
-33964
-33941
-33941
-33927
-33869
-33838
-33836
-33831
-33815
-33762
-33747
-33746
-33683
-33675
-33649
-33596
-33596
-33590
-33512
-33508
-33474
-33422
-33393
-33340
-33340
-33336
-33306
-33296
-33280
-33227
-33183
-33155
-33150
-33123
-33068
-33064
-33034
-33018
-33014
-32947
-32920
-32912
-32908
-32900
-32828
-32828
-32775
-32775
-32737
-32719
-32641
-32637
-32560
-32544
-32541
-32451
-32448
-32442
-32418
-32415
-32397
-32391
-32354
-32305
-32299
-32275
-32263
-32197
-32196
-32195
-32194
-32174
-32152
-32106
-32055
-32040
-31993
-31964
-31932
-31922
-31904
-31894
-31841
-31802
-31802
-31799
-31767
-31736
-31727
-31696
-31681
-31665
-31642
-31640
-31637
-31589
-31583
-31553
-31547
-31542
-31525
-31515
-31502
-31436
-31434
-31420
-31407
-31377
-31376
-31330
-31276
-31270
-31226
-31200
-31173
-31155
-31141
-31124
-31105
-31096
-31070
-31062
-31058
-31033
-30995
-30979
-30974
-30965
-30965
-30955
-30954
-30952
-30799
-30762
-30759
-30732
-30701
-30700
-30691
-30674
-30672
-30671
-30658
-30658
-30649
-30625
-30623
-30620
-30564
-30535
-30531
-30530
-30526
-30517
-30492
-30480
-30479
-30477
-30463
-30436
-30426
-30410
-30393
-30371
-30367
-30319
-30217
-30203
-30156
-30138
-30132
-30108
-30081
-30059
-30054
-30044
-30025
-30014
-30014
-30010
-29993
-29985
-29963
-29923
-29918
-29914
-29891
-29884
-29884
-29814
-29775
-29763
-29753
-29665
-29642
-29639
-29625
-29605
-29599
-29593
-29558
-29546
-29530
-29505
-29464
-29462
-29433
-29418
-29377
-29374
-29350
-29302
-29283
-29277
-29259
-29235
-29235
-29228
-29200
-29136
-29107
-28981
-28973
-28946
-28935
-28925
-28894
-28892
-28886
-28878
-28839
-28829
-28797
-28772
-28741
-28733
-28709
-28702
-28670
-28662
-28633
-28606
-28589
-28559
-28543
-28526
-28522
-28511
-28490
-28478
-28452
-28442
-28391
-28378
-28364
-28349
-28349
-28340
-28324
-28315
-28305
-28297
-28279
-28268
-28226
-28201
-28179
-28168
-28163
-28091
-28063
-28055
-28047
-28030
-28027
-28016
-27996
-27981
-27979
-27949
-27916
-27907
-27903
-27871
-27854
-27826
-27812
-27802
-27764
-27741
-27681
-27680
-27665
-27664
-27660
-27659
-27623
-27596
-27584
-27578
-27548
-27537
-27522
-27518
-27516
-27478
-27471
-27470
-27417
-27395
-27349
-27330
-27315
-27311
-27305
-27302
-27288
-27264
-27194
-27184
-27164
-27158
-27144
-27131
-27095
-27083
-27083
-27074
-27065
-27057
-27034
-26999
-26989
-26982
-26976
-26966
-26944
-26891
-26881
-26861
-26833
-26830
-26818
-26752
-26697
-26690
-26673
-26668
-26659
-26646
-26638
-26549
-26530
-26521
-26509
-26502
-26480
-26442
-26439
-26388
-26356
-26345
-26316
-26245
-26229
-26202
-26201
-26174
-26140
-26136
-26129
-26113
-26046
-26021
-26008
-25995
-25898
-25891
-25888
-25859
-25856
-25842
-25814
-25798
-25780
-25749
-25744
-25744
-25736
-25695
-25658
-25653
-25622
-25608
-25548
-25539
-25513
-25506
-25463
-25452
-25451
-25437
-25425
-25422
-25404
-25392
-25381
-25374
-25310
-25308
-25293
-25273
-25273
-25271
-25254
-25225
-25224
-25181
-25138
-25099
-25093
-25050
-25046
-25026
-25003
-24998
-24976
-24904
-24899
-24890
-24879
-24866
-24847
-24827
-24813
-24797
-24788
-24753
-24745
-24741
-24716
-24701
-24689
-24672
-24666
-24600
-24600
-24600
-24598
-24586
-24585
-24558
-24513
-24495
-24476
-24476
-24465
-24446
-24432
-24405
-24380
-24345
-24343
-24337
-24327
-24298
-24295
-24284
-24240
-24186
-24172
-24154
-24139
-24124
-24119
-24118
-24106
-24085
-24065
-24036
-24024
-24022
-24016
-23990
-23923
-23884
-23860
-23851
-23830
-23827
-23824
-23808
-23762
-23717
-23670
-23649
-23645
-23630
-23623
-23599
-23585
-23581
-23561
-23543
-23539
-23519
-23504
-23494
-23491
-23459
-23431
-23419
-23385
-23325
-23288
-23236
-23213
-23148
-23146
-23096
-23076
-23061
-23045
-23042
-22991
-22987
-22917
-22885
-22884
-22882
-22868
-22864
-22820
-22795
-22786
-22781
-22768
-22743
-22695
-22692
-22674
-22662
-22658
-22640
-22639
-22631
-22631
-22626
-22618
-22608
-22576
-22569
-22555
-22526
-22522
-22510
-22500
-22496
-22492
-22461
-22460
-22439
-22400
-22341
-22292
-22251
-22220
-22060
-22051
-22039
-22033
-22030
-22027
-21983
-21958
-21887
-21867
-21829
-21788
-21786
-21779
-21766
-21765
-21757
-21751
-21736
-21721
-21674
-21668
-21661
-21658
-21653
-21642
-21579
-21558
-21553
-21547
-21542
-21529
-21520
-21497
-21483
-21459
-21427
-21422
-21412
-21387
-21381
-21369
-21364
-21358
-21348
-21313
-21306
-21288
-21285
-21283
-21278
-21273
-21270
-21254
-21243
-21231
-21226
-21164
-21124
-21108
-21076
-21065
-21061
-21056
-21055
-21043
-21003
-20999
-20985
-20948
-20942
-20930
-20926
-20925
-20895
-20895
-20875
-20873
-20868
-20847
-20835
-20808
-20802
-20801
-20795
-20783
-20763
-20750
-20747
-20697
-20668
-20636
-20618
-20617
-20616
-20615
-20559
-20556
-20522
-20510
-20480
-20421
-20352
-20342
-20334
-20332
-20331
-20290
-20287
-20285
-20276
-20252
-20213
-20165
-20163
-20152
-20136
-20129
-20128
-20103
-20094
-20089
-20070
-20066
-20016
-19997
-19947
-19947
-19926
-19923
-19913
-19903
-19870
-19754
-19730
-19655
-19654
-19621
-19613
-19573
-19569
-19500
-19434
-19410
-19388
-19388
-19362
-19345
-19331
-19320
-19295
-19251
-19244
-19239
-19238
-19216
-19215
-19192
-19190
-19186
-19179
-19168
-19150
-19149
-19118
-19033
-19016
-19002
-18998
-18984
-18928
-18923
-18922
-18922
-18901
-18875
-18862
-18845
-18825
-18760
-18716
-18691
-18675
-18664
-18642
-18633
-18629
-18626
-18594
-18553
-18539
-18487
-18479
-18479
-18464
-18441
-18375
-18323
-18323
-18307
-18286
-18240
-18223
-18210
-18187
-18185
-18183
-18174
-18111
-18096
-18094
-18091
-18086
-18081
-18074
-18068
-18059
-18040
-18026
-18024
-17976
-17970
-17934
-17901
-17893
-17879
-17857
-17857
-17843
-17842
-17841
-17823
-17791
-17772
-17768
-17760
-17752
-17721
-17712
-17711
-17709
-17679
-17639
-17639
-17625
-17614
-17586
-17560
-17556
-17555
-17552
-17541
-17535
-17510
-17450
-17423
-17385
-17316
-17306
-17306
-17293
-17281
-17269
-17254
-17245
-17234
-17234
-17189
-17147
-17127
-17117
-17108
-17076
-17066
-17062
-17057
-17039
-17035
-17035
-17028
-17006
-16999
-16990
-16985
-16969
-16933
-16916
-16894
-16890
-16853
-16827
-16823
-16771
-16744
-16702
-16695
-16676
-16638
-16624
-16605
-16592
-16582
-16512
-16500
-16467
-16459
-16458
-16451
-16446
-16409
-16402
-16400
-16346
-16340
-16337
-16294
-16294
-16272
-16241
-16223
-16222
-16198
-16191
-16180
-16131
-16057
-16053
-16032
-15993
-15988
-15948
-15946
-15940
-15940
-15932
-15921
-15887
-15884
-15869
-15837
-15808
-15797
-15714
-15698
-15694
-15691
-15648
-15642
-15631
-15584
-15565
-15561
-15534
-15525
-15510
-15506
-15490
-15480
-15433
-15432
-15431
-15425
-15417
-15375
-15363
-15311
-15273
-15256
-15222
-15220
-15210
-15207
-15174
-15170
-15157
-15150
-15126
-15086
-15047
-15046
-15025
-15004
-14992
-14968
-14965
-14953
-14931
-14894
-14884
-14866
-14864
-14831
-14800
-14791
-14780
-14768
-14755
-14751
-14705
-14689
-14624
-14576
-14571
-14549
-14546
-14511
-14508
-14507
-14494
-14476
-14461
-14445
-14443
-14353
-14345
-14340
-14324
-14320
-14291
-14204
-14202
-14201
-14191
-14187
-14172
-14165
-14127
-14071
-14038
-14036
-14026
-14016
-13987
-13986
-13985
-13949
-13927
-13892
-13871
-13869
-13844
-13700
-13680
-13680
-13613
-13591
-13586
-13574
-13544
-13537
-13528
-13441
-13434
-13428
-13424
-13416
-13407
-13381
-13358
-13345
-13335
-13314
-13286
-13270
-13262
-13258
-13234
-13213
-13206
-13202
-13192
-13187
-13168
-13160
-13157
-13148
-13101
-13096
-13087
-13083
-13074
-13043
-13042
-13040
-13038
-13001
-12999
-12988
-12976
-12970
-12920
-12912
-12882
-12853
-12833
-12804
-12797
-12779
-12731
-12716
-12696
-12689
-12632
-12631
-12626
-12612
-12591
-12573
-12561
-12557
-12499
-12367
-12342
-12274
-12272
-12251
-12201
-12191
-12179
-12178
-12171
-12154
-12133
-12132
-12106
-12073
-12050
-12016
-12000
-11986
-11960
-11952
-11949
-11929
-11886
-11876
-11846
-11822
-11816
-11773
-11764
-11720
-11700
-11629
-11568
-11556
-11551
-11527
-11524
-11510
-11502
-11496
-11470
-11460
-11439
-11431
-11413
-11412
-11409
-11373
-11317
-11300
-11285
-11281
-11252
-11249
-11230
-11216
-11208
-11202
-11152
-11124
-11111
-11094
-11059
-11054
-10999
-10992
-10960
-10918
-10904
-10880
-10855
-10841
-10826
-10821
-10806
-10789
-10783
-10716
-10686
-10684
-10673
-10648
-10637
-10549
-10542
-10516
-10515
-10417
-10403
-10398
-10370
-10349
-10335
-10295
-10262
-10172
-10171
-10158
-10155
-10140
-10125
-10122
-10116
-10068
-10065
-10060
-10041
-10014
-9970
-9942
-9935
-9934
-9924
-9921
-9891
-9887
-9878
-9863
-9862
-9857
-9853
-9835
-9814
-9786
-9758
-9754
-9731
-9730
-9714
-9688
-9685
-9684
-9613
-9582
-9569
-9552
-9541
-9528
-9526
-9523
-9516
-9501
-9484
-9464
-9413
-9381
-9364
-9336
-9297
-9293
-9257
-9203
-9188
-9115
-9114
-9094
-9086
-8992
-8983
-8961
-8954
-8953
-8925
-8912
-8862
-8835
-8817
-8813
-8794
-8793
-8785
-8749
-8719
-8696
-8694
-8688
-8623
-8613
-8588
-8564
-8545
-8510
-8507
-8414
-8407
-8359
-8342
-8340
-8324
-8313
-8297
-8260
-8220
-8167
-8124
-8114
-8085
-8036
-7982
-7964
-7962
-7950
-7939
-7927
-7917
-7895
-7872
-7853
-7848
-7848
-7845
-7823
-7819
-7809
-7789
-7775
-7763
-7749
-7741
-7730
-7680
-7673
-7663
-7647
-7642
-7641
-7579
-7539
-7526
-7512
-7491
-7490
-7486
-7438
-7432
-7430
-7323
-7308
-7307
-7286
-7247
-7240
-7224
-7216
-7158
-7126
-7124
-7086
-6991
-6986
-6985
-6937
-6911
-6903
-6868
-6865
-6859
-6840
-6804
-6776
-6767
-6745
-6727
-6681
-6670
-6652
-6461
-6457
-6422
-6390
-6379
-6319
-6314
-6312
-6302
-6277
-6232
-6203
-6173
-6163
-6131
-6109
-6095
-6089
-6078
-6047
-6031
-6023
-5998
-5996
-5976
-5974
-5959
-5948
-5944
-5912
-5902
-5896
-5881
-5861
-5827
-5825
-5823
-5822
-5822
-5763
-5752
-5746
-5722
-5697
-5650
-5626
-5596
-5579
-5572
-5571
-5553
-5548
-5530
-5517
-5515
-5470
-5445
-5420
-5411
-5398
-5394
-5386
-5376
-5350
-5341
-5334
-5324
-5301
-5301
-5237
-5209
-5200
-5167
-5162
-5161
-5149
-5143
-5130
-5105
-5094
-5065
-5055
-5046
-5034
-4967
-4967
-4955
-4948
-4925
-4880
-4857
-4847
-4843
-4799
-4765
-4761
-4755
-4752
-4728
-4724
-4656
-4615
-4607
-4586
-4583
-4560
-4529
-4522
-4508
-4502
-4451
-4409
-4362
-4354
-4347
-4314
-4297
-4248
-4240
-4225
-4210
-4168
-4163
-4159
-4149
-4115
-4114
-4113
-4110
-4103
-4093
-4076
-4072
-3970
-3963
-3948
-3942
-3934
-3901
-3830
-3807
-3802
-3772
-3764
-3706
-3703
-3678
-3651
-3647
-3646
-3636
-3613
-3600
-3599
-3573
-3552
-3526
-3493
-3460
-3439
-3438
-3382
-3380
-3378
-3338
-3297
-3293
-3291
-3264
-3251
-3251
-3213
-3211
-3164
-3155
-3131
-3104
-3093
-3068
-3026
-2993
-2960
-2951
-2908
-2897
-2868
-2866
-2858
-2822
-2788
-2754
-2742
-2740
-2725
-2694
-2689
-2641
-2641
-2621
-2592
-2566
-2556
-2524
-2517
-2509
-2479
-2420
-2402
-2367
-2361
-2354
-2320
-2313
-2271
-2270
-2265
-2260
-2243
-2217
-2207
-2194
-2187
-2169
-2168
-2168
-2142
-2141
-2111
-2094
-2066
-2057
-2052
-2006
-1987
-1982
-1981
-1969
-1969
-1927
-1902
-1898
-1880
-1838
-1774
-1738
-1719
-1707
-1689
-1680
-1651
-1646
-1633
-1616
-1605
-1585
-1576
-1557
-1527
-1494
-1445
-1420
-1400
-1383
-1362
-1348
-1346
-1314
-1310
-1275
-1261
-1256
-1246
-1218
-1175
-1151
-1128
-1128
-1120
-1117
-1088
-1042
-979
-971
-963
-855
-816
-809
-774
-770
-743
-732
-723
-671
-664
-655
-651
-637
-621
-615
-610
-579
-575
-536
-529
-487
-466
-451
-438
-428
-415
-405
-386
-383
-367
-353
-336
-331
-319
-288
-287
-286
-235
-227
-212
-202
-194
-158
-154
-149
-117
-105
-83
-63
-62
-28
-26
-15
-7
20
24
28
29
39
52
78
105
140
158
193
264
266
269
281
281
304
315
328
330
346
348
362
389
393
395
405
410
412
419
444
484
545
551
554
558
566
587
615
622
648
657
671
686
702
706
748
774
789
819
837
844
845
850
864
868
872
893
893
976
987
1012
1046
1113
1155
1157
1171
1208
1217
1231
1279
1324
1335
1335
1356
1407
1418
1446
1477
1494
1536
1554
1556
1558
1570
1578
1587
1595
1603
1659
1720
1736
1737
1783
1811
1821
1822
1833
1835
1866
1868
1879
1880
1881
1913
1930
1936
1944
1995
2001
2006
2015
2099
2105
2122
2137
2163
2195
2223
2231
2232
2254
2263
2315
2346
2355
2362
2415
2427
2496
2533
2538
2584
2599
2655
2695
2738
2749
2780
2871
2891
2903
2926
2944
2982
2991
2995
2996
3005
3010
3010
3016
3037
3040
3086
3127
3152
3210
3259
3290
3306
3324
3355
3368
3369
3376
3395
3424
3435
3481
3495
3497
3546
3576
3584
3615
3630
3666
3699
3703
3707
3712
3728
3747
3752
3754
3758
3758
3795
3821
3873
3898
3905
3928
3974
3980
3993
4014
4043
4044
4056
4069
4074
4083
4089
4094
4111
4164
4179
4190
4193
4197
4217
4258
4299
4301
4326
4342
4343
4367
4369
4375
4392
4396
4410
4438
4455
4471
4521
4524
4528
4577
4593
4645
4700
4709
4757
4766
4773
4804
4863
4919
4923
4975
4976
5004
5010
5010
5012
5018
5021
5026
5031
5043
5061
5063
5068
5071
5076
5100
5128
5130
5162
5221
5265
5281
5284
5308
5384
5389
5451
5454
5460
5486
5515
5544
5604
5637
5710
5716
5744
5746
5747
5753
5759
5847
5883
5894
5931
5952
5957
5981
5989
6008
6011
6017
6022
6023
6053
6063
6108
6133
6176
6180
6203
6241
6262
6277
6286
6287
6296
6301
6348
6376
6389
6395
6437
6439
6450
6454
6485
6506
6529
6539
6542
6564
6592
6668
6694
6708
6727
6737
6766
6844
6849
6858
6952
6966
6985
7022
7032
7046
7053
7057
7090
7109
7124
7156
7176
7182
7252
7254
7267
7272
7290
7330
7337
7349
7415
7427
7473
7488
7518
7547
7561
7577
7680
7682
7687
7691
7698
7704
7712
7714
7767
7806
7807
7815
7829
7897
7910
7922
7923
7927
7928
7934
7940
7984
8001
8001
8011
8016
8056
8080
8092
8093
8106
8114
8118
8159
8174
8180
8198
8240
8251
8255
8255
8277
8280
8293
8325
8330
8344
8381
8412
8412
8418
8464
8477
8478
8493
8509
8515
8524
8524
8532
8538
8538
8575
8578
8586
8609
8643
8643
8650
8657
8662
8688
8693
8755
8759
8762
8774
8830
8838
8901
8903
8918
8921
8949
8952
8955
8992
9011
9014
9033
9039
9045
9049
9059
9097
9110
9119
9137
9185
9188
9192
9193
9200
9200
9205
9254
9255
9302
9355
9375
9401
9404
9439
9465
9495
9516
9546
9611
9634
9638
9655
9724
9741
9749
9750
9780
9782
9792
9843
9855
9862
9871
9897
9899
9901
9935
9973
9974
9990
9994
10009
10046
10052
10054
10056
10115
10134
10138
10164
10195
10217
10224
10279
10326
10328
10328
10352
10366
10389
10407
10499
10510
10556
10576
10593
10604
10629
10666
10687
10707
10720
10726
10745
10748
10785
10852
10868
10870
10888
10897
10920
10923
10933
10953
10985
10993
11028
11034
11037
11037
11038
11069
11091
11098
11105
11134
11152
11173
11181
11182
11203
11230
11280
11333
11351
11360
11447
11449
11451
11539
11543
11594
11595
11647
11672
11692
11703
11728
11745
11770
11795
11795
11847
11867
11873
11931
11949
11955
11963
11988
12020
12081
12094
12103
12115
12119
12145
12187
12226
12236
12241
12278
12296
12311
12330
12358
12415
12434
12448
12466
12489
12520
12522
12534
12544
12561
12567
12604
12628
12666
12692
12699
12738
12739
12740
12774
12828
12836
12841
12872
12876
12881
12883
12893
12900
12901
12965
12978
12997
13022
13048
13050
13062
13064
13068
13114
13171
13190
13206
13213
13229
13253
13281
13303
13408
13458
13468
13484
13514
13549
13645
13682
13694
13698
13746
13763
13812
13823
13835
13850
13897
13899
13918
13946
13947
13961
13962
13971
14017
14026
14028
14074
14082
14094
14125
14131
14134
14135
14160
14183
14209
14251
14259
14264
14292
14309
14309
14312
14327
14329
14352
14398
14481
14487
14522
14544
14580
14584
14680
14684
14688
14733
14734
14744
14755
14755
14814
14834
14845
14849
14861
14862
14864
14867
14876
14928
14938
14992
15007
15040
15071
15073
15099
15121
15155
15191
15205
15226
15239
15255
15274
15275
15281
15309
15316
15369
15391
15401
15423
15464
15466
15494
15499
15523
15559
15576
15615
15635
15680
15701
15757
15793
15796
15811
15824
15825
15831
15834
15851
15878
15879
15895
15909
15922
15922
15927
15966
15968
15973
15999
16013
16017
16056
16069
16119
16130
16132
16146
16158
16159
16164
16171
16230
16235
16242
16277
16299
16307
16332
16353
16355
16367
16376
16380
16441
16444
16449
16474
16574
16584
16607
16613
16627
16671
16683
16710
16721
16747
16774
16780
16800
16805
16815
16828
16857
16858
16873
16885
16893
16894
16901
16909
16919
16943
16974
16983
16987
17031
17059
17072
17081
17087
17109
17112
17160
17196
17212
17220
17309
17466
17486
17512
17552
17581
17598
17601
17654
17655
17661
17677
17683
17713
17720
17747
17755
17757
17783
17786
17803
17807
17851
17853
17858
17894
17894
17908
17926
17944
17958
17976
17980
17983
17995
18040
18057
18074
18096
18097
18099
18101
18109
18134
18155
18175
18197
18227
18259
18260
18302
18354
18355
18372
18386
18409
18464
18466
18467
18483
18486
18490
18500
18503
18541
18594
18596
18604
18606
18628
18644
18687
18690
18710
18744
18789
18811
18819
18825
18848
18858
18864
18867
18874
18882
18893
18919
18920
18929
18936
18938
18940
18944
18946
19021
19022
19034
19104
19116
19133
19179
19182
19192
19195
19196
19201
19212
19219
19229
19233
19269
19273
19277
19327
19362
19364
19365
19365
19384
19428
19518
19518
19540
19545
19586
19592
19655
19658
19673
19678
19680
19733
19734
19743
19746
19756
19773
19780
19785
19796
19811
19829
19851
19858
19860
19884
19901
19942
19944
19949
19977
19993
20025
20025
20028
20058
20063
20072
20073
20103
20136
20159
20179
20182
20213
20230
20250
20284
20285
20301
20323
20323
20348
20383
20398
20420
20435
20473
20476
20491
20496
20498
20517
20521
20604
20611
20665
20683
20715
20748
20750
20775
20803
20805
20824
20841
20847
20859
20876
20887
20911
20917
20939
20965
21011
21026
21031
21043
21104
21121
21124
21141
21178
21209
21221
21233
21238
21275
21297
21310
21332
21348
21373
21379
21389
21463
21491
21524
21552
21569
21572
21572
21615
21622
21638
21676
21691
21692
21704
21707
21712
21750
21778
21798
21803
21818
21820
21863
21866
21880
21886
21893
21905
21912
21921
21963
21989
22000
22000
22037
22079
22115
22133
22139
22160
22164
22173
22224
22245
22282
22342
22372
22388
22409
22427
22471
22498
22523
22527
22688
22696
22698
22755
22770
22786
22866
22883
22911
22924
22949
22967
22974
22997
23006
23021
23049
23074
23074
23122
23129
23160
23184
23210
23243
23246
23250
23288
23338
23348
23350
23361
23378
23388
23400
23412
23421
23424
23455
23467
23473
23493
23519
23527
23560
23578
23594
23628
23645
23649
23670
23750
23759
23789
23789
23837
23850
23851
23873
23907
23948
23987
23987
23990
24006
24029
24036
24042
24042
24062
24098
24122
24130
24141
24143
24189
24216
24231
24232
24253
24281
24326
24360
24364
24387
24408
24410
24410
24416
24433
24443
24472
24480
24480
24484
24490
24554
24575
24576
24588
24589
24592
24606
24649
24683
24695
24701
24705
24711
24735
24742
24746
24757
24781
24783
24791
24804
24821
24823
24841
24845
24849
24850
24921
24926
24938
24987
24992
25037
25060
25079
25147
25160
25161
25226
25233
25301
25341
25352
25369
25388
25400
25402
25434
25444
25475
25479
25492
25518
25546
25562
25562
25569
25572
25575
25587
25595
25628
25637
25670
25695
25702
25746
25772
25777
25817
25915
25926
25946
25956
25983
26003
26070
26151
26185
26221
26226
26230
26262
26266
26284
26313
26334
26345
26370
26382
26385
26403
26416
26429
26451
26476
26484
26493
26527
26530
26546
26555
26596
26597
26601
26622
26636
26669
26670
26685
26739
26745
26747
26780
26789
26814
26924
26929
26938
26941
26943
26944
26967
26984
26998
27017
27034
27037
27051
27055
27064
27076
27113
27118
27155
27219
27228
27236
27240
27248
27293
27307
27308
27313
27360
27365
27399
27440
27461
27473
27533
27564
27567
27567
27577
27577
27585
27612
27627
27655
27656
27714
27716
27783
27793
27796
27808
27816
27832
27885
27888
27889
27912
27937
27958
27986
27998
28009
28020
28065
28077
28085
28089
28109
28132
28143
28160
28189
28213
28244
28249
28277
28279
28308
28315
28339
28356
28356
28410
28426
28432
28435
28474
28497
28503
28516
28521
28544
28564
28572
28594
28595
28604
28606
28608
28628
28661
28665
28680
28699
28714
28765
28819
28829
28838
28875
28882
28882
28894
28901
28902
28902
28908
28945
28956
28973
28982
28989
29024
29034
29064
29085
29107
29138
29149
29250
29258
29269
29331
29359
29372
29388
29423
29445
29476
29504
29525
29526
29529
29538
29543
29576
29579
29595
29598
29680
29686
29731
29733
29753
29836
29843
29847
29861
29884
29924
29971
29975
29980
30009
30056
30062
30071
30076
30109
30116
30127
30131
30141
30214
30215
30272
30299
30323
30357
30358
30382
30383
30383
30386
30420
30422
30429
30450
30460
30469
30479
30479
30521
30557
30583
30588
30617
30646
30651
30667
30676
30716
30746
30749
30764
30781
30809
30821
30838
30863
30870
30888
30889
30919
30962
30966
30969
30989
31027
31034
31042
31050
31086
31092
31137
31140
31194
31195
31197
31225
31238
31242
31244
31279
31346
31366
31400
31430
31452
31525
31542
31548
31549
31553
31598
31607
31622
31640
31652
31672
31681
31699
31701
31720
31732
31746
31797
31815
31819
31822
31833
31902
31944
31946
31958
32006
32078
32092
32093
32149
32171
32172
32176
32177
32187
32214
32264
32286
32288
32302
32311
32324
32328
32358
32415
32419
32475
32489
32494
32497
32499
32510
32527
32531
32538
32574
32614
32633
32634
32643
32707
32732
32804
32805
32824
32825
32853
32888
32924
32939
32953
32989
32989
32992
32995
33014
33015
33048
33070
33080
33085
33087
33100
33124
33155
33232
33256
33257
33259
33297
33310
33361
33367
33385
33397
33463
33537
33540
33568
33569
33618
33680
33791
33801
33804
33809
33820
33837
33870
33898
33904
33904
33909
33935
33990
34001
34026
34035
34064
34066
34090
34101
34108
34130
34140
34162
34294
34308
34333
34355
34362
34386
34391
34431
34502
34542
34544
34553
34555
34572
34600
34605
34701
34707
34714
34757
34777
34782
34807
34823
34850
34883
34898
34932
34935
34941
34978
34998
35074
35077
35100
35102
35104
35104
35122
35136
35164
35207
35217
35242
35264
35299
35304
35325
35362
35363
35397
35398
35426
35430
35434
35440
35480
35493
35515
35520
35530
35586
35605
35622
35679
35688
35723
35723
35724
35760
35779
35817
35830
35835
35844
35905
35969
35974
35999
36025
36043
36078
36125
36139
36169
36179
36215
36233
36237
36243
36251
36252
36293
36301
36302
36390
36395
36404
36466
36473
36482
36485
36495
36503
36557
36560
36578
36596
36604
36607
36613
36642
36655
36674
36695
36772
36778
36828
36835
36850
36909
36929
36980
36986
36989
36991
37012
37025
37030
37035
37044
37102
37124
37128
37132
37133
37139
37153
37171
37184
37194
37221
37228
37265
37312
37315
37325
37348
37353
37358
37381
37381
37394
37424
37428
37438
37446
37463
37464
37484
37530
37532
37577
37651
37686
37693
37694
37704
37728
37729
37750
37758
37796
37807
37818
37839
37840
37845
37874
37903
37910
37938
37965
37990
37994
38001
38005
38007
38027
38066
38082
38097
38132
38163
38251
38270
38326
38337
38352
38453
38457
38487
38631
38632
38658
38660
38679
38704
38783
38783
38787
38794
38834
38887
38888
38893
38934
38979
38988
39002
39029
39031
39052
39062
39067
39069
39082
39094
39159
39177
39177
39207
39209
39215
39230
39231
39233
39234
39242
39265
39275
39311
39345
39371
39435
39443
39445
39485
39516
39532
39534
39549
39597
39613
39645
39649
39655
39656
39684
39712
39756
39776
39845
39845
39848
39849
39885
39891
39893
39903
39927
39928
39958
39959
39969
39980
39987
40017
40020
40021
40056
40081
40095
40096
40149
40151
40177
40203
40223
40239
40255
40272
40286
40326
40330
40381
40413
40413
40417
40440
40465
40473
40479
40489
40523
40536
40550
40565
40568
40584
40601
40611
40656
40657
40659
40682
40690
40742
40746
40762
40763
40780
40804
40811
40839
40865
40870
40907
40914
40930
40937
40943
40969
40999
41008
41014
41026
41034
41078
41091
41141
41142
41148
41151
41184
41185
41195
41234
41284
41289
41347
41356
41370
41371
41373
41374
41394
41398
41402
41405
41461
41470
41473
41485
41494
41497
41522
41539
41544
41552
41590
41591
41597
41608
41614
41619
41696
41702
41705
41709
41710
41711
41723
41759
41824
41862
41865
41912
41933
41937
41944
41962
41978
42093
42114
42117
42126
42133
42143
42196
42196
42210
42220
42237
42242
42274
42352
42352
42365
42372
42394
42394
42401
42422
42456
42467
42475
42506
42513
42516
42530
42535
42627
42639
42698
42723
42728
42742
42744
42753
42853
42899
42964
42992
43019
43023
43032
43033
43058
43063
43100
43134
43136
43165
43168
43174
43202
43223
43224
43237
43241
43273
43277
43287
43291
43293
43404
43466
43474
43482
43530
43540
43553
43562
43573
43583
43604
43621
43638
43641
43691
43694
43710
43748
43768
43777
43797
43802
43864
43865
43878
43886
43942
43974
43978
44012
44069
44072
44090
44091
44107
44127
44141
44170
44177
44178
44200
44204
44205
44210
44221
44241
44264
44269
44271
44281
44302
44309
44330
44347
44359
44364
44399
44399
44430
44470
44510
44520
44528
44529
44563
44597
44610
44610
44617
44619
44679
44681
44701
44714
44716
44717
44724
44730
44736
44769
44841
44887
44894
44901
44930
44975
44989
45024
45024
45024
45024
45047
45059
45069
45072
45089
45103
45118
45123
45139
45171
45192
45205
45207
45233
45257
45267
45282
45285
45310
45335
45352
45364
45369
45372
45385
45421
45466
45467
45474
45508
45512
45536
45536
45579
45600
45691
45697
45703
45712
45739
45791
45821
45836
45847
45849
45908
45926
45940
45945
46001
46010
46048
46048
46089
46096
46103
46120
46143
46158
46161
46197
46200
46232
46266
46274
46281
46295
46298
46299
46313
46341
46366
46368
46387
46404
46415
46441
46448
46466
46483
46485
46499
46518
46518
46544
46546
46563
46568
46612
46616
46679
46702
46754
46761
46770
46808
46840
46892
46909
46928
46945
46980
46999
47033
47038
47053
47071
47106
47127
47133
47150
47159
47169
47182
47215
47216
47233
47239
47241
47276
47294
47318
47329
47361
47371
47391
47398
47412
47426
47452
47462
47491
47504
47545
47567
47585
47615
47625
47631
47644
47663
47720
47745
47746
47749
47772
47779
47798
47810
47825
47838
47841
47845
47893
47913
47951
47978
48000
48024
48070
48088
48096
48111
48114
48170
48172
48215
48240
48255
48256
48261
48281
48282
48324
48335
48354
48354
48355
48391
48404
48410
48457
48467
48485
48529
48555
48557
48579
48599
48605
48646
48682
48691
48699
48699
48699
48701
48712
48729
48762
48791
48806
48840
48842
48850
48854
48875
48887
48910
48937
48997
49062
49072
49074
49121
49139
49145
49176
49187
49214
49265
49336
49366
49382
49429
49441
49464
49483
49494
49495
49514
49521
49524
49532
49549
49589
49596
49597
49677
49679
49687
49695
49741
49770
49774
49780
49791
49799
49811
49824
49844
49851
49856
49886
49893
49926
49929
49935
49952
49957
49982
50001
50014
50016
50019
50020
50087
50095
50123
50130
50133
50133
50134
50139
50165
50171
50176
50181
50217
50313
50333
50336
50345
50392
50395
50399
50440
50447
50450
50461
50487
50492
50496
50505
50510
50520
50606
50608
50638
50648
50681
50683
50704
50706
50708
50722
50745
50770
50784
50792
50794
50799
50801
50908
50913
50914
50931
50941
50944
50963
50966
50967
50986
50999
51023
51026
51050
51055
51059
51068
51069
51087
51142
51149
51165
51165
51169
51197
51216
51218
51262
51348
51349
51361
51368
51381
51403
51423
51427
51437
51455
51497
51501
51501
51503
51515
51533
51543
51551
51554
51556
51569
51600
51643
51664
51684
51698
51703
51755
51760
51772
51818
51828
51872
51903
51904
51931
51946
51978
51981
52023
52039
52055
52074
52113
52125
52129
52153
52179
52198
52199
52212
52244
52245
52307
52313
52322
52325
52451
52477
52539
52542
52546
52556
52564
52608
52631
52652
52688
52701
52737
52745
52758
52761
52779
52812
52831
52836
52868
52871
52920
52943
52967
52969
52980
53002
53006
53014
53083
53088
53089
53100
53112
53136
53138
53138
53177
53219
53238
53245
53274
53277
53378
53385
53408
53440
53449
53451
53471
53503
53513
53583
53620
53637
53647
53716
53730
53738
53776
53833
53834
53847
53857
53862
53879
53887
53910
53925
53967
53973
54028
54029
54031
54036
54056
54084
54120
54123
54137
54221
54241
54256
54278
54295
54316
54330
54353
54364
54366
54369
54389
54415
54472
54485
54502
54528
54553
54556
54560
54584
54593
54609
54674
54707
54709
54712
54743
54747
54786
54794
54805
54811
54821
54842
54861
54872
54882
54919
54938
54938
55037
55074
55079
55101
55108
55128
55129
55139
55153
55161
55161
55214
55232
55242
55248
55280
55313
55325
55328
55374
55387
55437
55456
55473
55486
55497
55545
55621
55625
55629
55641
55642
55653
55662
55662
55664
55666
55681
55693
55695
55698
55717
55721
55724
55734
55749
55788
55816
55849
55965
55967
55969
55984
55986
55987
55988
56010
56025
56036
56094
56118
56135
56175
56189
56208
56233
56257
56269
56271
56278
56293
56296
56309
56332
56334
56344
56345
56349
56377
56387
56409
56431
56445
56462
56468
56476
56480
56492
56500
56527
56530
56538
56564
56602
56623
56635
56653
56666
56670
56705
56732
56740
56744
56745
56771
56773
56830
56838
56940
56961
56995
57009
57109
57117
57123
57125
57159
57237
57239
57264
57273
57288
57295
57313
57342
57350
57388
57389
57393
57394
57429
57506
57548
57585
57605
57609
57705
57722
57756
57815
57816
57841
57889
57912
57915
57929
57932
57948
57973
57994
58015
58052
58116
58117
58128
58139
58147
58152
58174
58197
58239
58259
58263
58288
58388
58390
58440
58447
58450
58485
58488
58508
58514
58521
58538
58552
58589
58591
58598
58617
58621
58633
58641
58693
58698
58709
58731
58748
58755
58763
58777
58790
58810
58831
58847
58901
58914
58927
58942
58954
58965
58997
59007
59014
59023
59032
59032
59102
59138
59141
59186
59204
59271
59276
59365
59379
59423
59461
59473
59491
59555
59601
59604
59612
59614
59635
59637
59644
59644
59646
59653
59658
59680
59752
59759
59774
59811
59856
59926
59927
59929
59976
59986
59991
59994
60035
60048
60063
60131
60158
60181
60193
60229
60241
60250
60254
60263
60269
60295
60298
60302
60308
60347
60399
60400
60418
60427
60432
60445
60446
60451
60509
60513
60527
60547
60549
60563
60603
60609
60636
60671
60682
60704
60704
60712
60716
60729
60750
60763
60806
60844
60863
60868
60878
60880
60911
60921
60947
60947
60963
60965
60984
60984
60991
61032
61067
61068
61082
61083
61120
61152
61168
61173
61179
61198
61220
61246
61268
61299
61309
61317
61353
61368
61378
61383
61389
61396
61427
61457
61478
61479
61493
61500
61509
61520
61538
61563
61570
61611
61616
61656
61695
61712
61725
61727
61727
61728
61736
61758
61837
61863
61879
61925
61934
61961
61962
61995
62006
62013
62031
62033
62037
62067
62069
62078
62096
62102
62114
62141
62161
62166
62170
62174
62246
62284
62302
62313
62335
62367
62371
62374
62402
62410
62453
62459
62460
62465
62467
62471
62579
62581
62600
62648
62676
62700
62702
62704
62758
62762
62778
62792
62798
62825
62833
62879
62981
63002
63044
63120
63200
63219
63241
63251
63262
63266
63301
63326
63330
63351
63356
63363
63371
63376
63379
63379
63380
63383
63474
63570
63621
63660
63661
63703
63714
63727
63771
63830
63845
63848
63855
63863
63874
63880
63896
63900
63918
63924
63925
63936
63947
63960
63975
63977
63998
64047
64100
64149
64220
64223
64228
64236
64264
64266
64282
64298
64300
64311
64314
64346
64407
64414
64416
64421
64423
64427
64436
64444
64481
64484
64503
64577
64585
64613
64625
64634
64647
64691
64693
64704
64723
64776
64793
64794
64882
64895
64931
64956
64967
65005
65011
65023
65030
65087
65089
65114
65156
65191
65207
65228
65232
65312
65320
65321
65324
65334
65348
65383
65421
65425
65439
65455
65484
65505
65513
65577
65599
65605
65637
65663
65680
65725
65726
65746
65780
65827
65848
65877
65882
65911
65913
65921
65957
65982
65996
66000
66000
66025
66042
66064
66085
66101
66110
66110
66117
66133
66143
66169
66173
66180
66211
66218
66231
66261
66273
66276
66303
66330
66405
66419
66455
66476
66539
66567
66568
66577
66592
66614
66637
66640
66684
66691
66708
66758
66772
66788
66870
66885
66919
66945
66953
66957
67015
67042
67096
67117
67120
67126
67136
67148
67159
67169
67176
67213
67222
67228
67233
67247
67254
67269
67269
67295
67297
67330
67384
67391
67411
67434
67438
67452
67459
67470
67488
67493
67495
67496
67496
67497
67507
67536
67538
67579
67621
67633
67639
67648
67679
67716
67718
67726
67772
67809
67848
67856
67860
67897
67913
67917
67924
67928
67934
67991
68009
68024
68031
68060
68081
68116
68116
68132
68137
68140
68145
68153
68160
68171
68185
68189
68216
68218
68231
68246
68261
68272
68360
68363
68364
68365
68385
68467
68479
68490
68492
68505
68519
68556
68599
68639
68641
68641
68647
68647
68663
68665
68683
68687
68776
68897
68909
68930
68933
68971
68983
68989
68990
68995
68996
68997
69000
69000
69026
69037
69046
69058
69080
69091
69125
69151
69187
69199
69209
69214
69227
69228
69253
69313
69318
69319
69327
69341
69342
69351
69356
69358
69371
69378
69389
69392
69434
69492
69530
69539
69581
69586
69607
69626
69635
69638
69659
69671
69675
69680
69687
69696
69704
69706
69749
69772
69773
69774
69778
69793
69814
69844
69853
69861
69878
69891
69914
69944
69971
69989
70006
70020
70058
70075
70091
70108
70141
70165
70178
70178
70192
70194
70210
70239
70249
70278
70280
70350
70351
70358
70361
70363
70365
70383
70392
70398
70416
70431
70513
70534
70535
70633
70647
70665
70689
70778
70789
70794
70796
70806
70809
70853
70853
70875
70922
70935
70955
70983
70996
71041
71122
71144
71151
71183
71198
71252
71268
71277
71299
71320
71328
71346
71356
71357
71359
71372
71393
71398
71402
71418
71435
71510
71532
71556
71585
71596
71598
71601
71627
71629
71640
71646
71648
71660
71683
71697
71709
71809
71811
71819
71828
71831
71837
71859
71888
71896
71900
71903
71939
71959
71980
71981
71997
72012
72027
72050
72069
72114
72125
72159
72193
72196
72198
72210
72255
72272
72308
72309
72318
72326
72341
72365
72368
72386
72389
72401
72429
72446
72470
72471
72504
72519
72550
72566
72597
72610
72634
72664
72666
72682
72713
72724
72727
72729
72748
72748
72793
72800
72827
72827
72838
72855
72860
72861
72863
72876
72891
72922
72949
72959
72999
73023
73035
73041
73058
73066
73070
73112
73127
73140
73154
73171
73189
73191
73204
73207
73226
73246
73256
73257
73287
73292
73298
73305
73325
73340
73346
73413
73451
73464
73472
73484
73505
73510
73520
73523
73531
73544
73545
73563
73574
73575
73597
73598
73632
73655
73665
73667
73692
73699
73717
73740
73796
73801
73889
73894
73903
73903
73912
73921
73939
73945
73961
73982
73987
73994
74025
74053
74088
74101
74120
74125
74160
74193
74196
74222
74245
74307
74354
74373
74389
74415
74465
74470
74549
74565
74589
74608
74681
74765
74770
74785
74788
74808
74820
74821
74832
74849
74884
74891
74932
74951
74972
75001
75001
75003
75056
75070
75076
75124
75149
75161
75168
75168
75180
75265
75300
75341
75358
75368
75380
75383
75441
75494
75532
75547
75564
75592
75595
75612
75639
75642
75653
75666
75671
75673
75682
75703
75724
75756
75763
75793
75801
75820
75864
75892
75931
75946
75976
75987
75988
76016
76022
76044
76045
76055
76064
76074
76078
76078
76079
76094
76126
76131
76166
76184
76185
76189
76197
76234
76250
76258
76284
76297
76300
76362
76369
76370
76377
76417
76473
76501
76503
76508
76518
76553
76560
76577
76582
76589
76599
76605
76634
76676
76691
76693
76712
76716
76726
76748
76763
76778
76790
76791
76814
76856
76904
76941
76953
76976
77002
77007
77023
77077
77085
77111
77160
77174
77270
77286
77294
77304
77337
77345
77372
77392
77397
77405
77410
77432
77448
77480
77488
77507
77508
77519
77522
77547
77554
77562
77595
77611
77631
77653
77659
77671
77714
77732
77735
77754
77756
77761
77785
77790
77814
77814
77833
77836
77837
77861
77862
77880
77930
77968
78012
78030
78032
78049
78074
78103
78131
78141
78142
78147
78149
78177
78182
78253
78286
78317
78332
78335
78347
78362
78384
78416
78440
78448
78453
78456
78471
78482
78534
78555
78565
78570
78636
78655
78675
78706
78706
78729
78739
78763
78799
78834
78887
78926
78926
78954
78973
78975
79011
79029
79072
79077
79079
79100
79103
79146
79178
79187
79317
79319
79325
79329
79348
79374
79388
79402
79411
79414
79418
79428
79431
79454
79467
79474
79480
79485
79489
79499
79528
79529
79560
79566
79607
79632
79633
79649
79651
79662
79666
79674
79677
79684
79697
79699
79701
79723
79746
79762
79766
79778
79787
79798
79807
79816
79833
79842
79845
79850
79856
79905
79914
79919
79949
79967
79979
79991
80035
80046
80054
80055
80105
80106
80110
80134
80191
80193
80215
80223
80256
80267
80293
80294
80313
80319
80352
80366
80367
80392
80397
80408
80418
80445
80461
80485
80494
80510
80515
80526
80532
80575
80578
80652
80655
80672
80682
80685
80698
80714
80773
80777
80788
80805
80813
80817
80844
80853
80867
80883
80912
80922
80942
80952
80952
80955
80961
80993
81004
81009
81010
81014
81021
81035
81039
81040
81058
81076
81076
81093
81105
81146
81154
81276
81318
81327
81329
81347
81355
81421
81458
81461
81479
81497
81538
81588
81605
81622
81625
81628
81649
81707
81711
81724
81739
81747
81779
81780
81785
81786
81789
81797
81803
81812
81839
81842
81874
81908
81914
81922
81928
81936
81943
81962
81978
81991
81992
82009
82090
82112
82179
82199
82203
82208
82240
82245
82266
82292
82292
82327
82346
82354
82361
82407
82421
82429
82441
82471
82482
82485
82496
82497
82500
82529
82533
82545
82575
82579
82590
82607
82623
82637
82652
82678
82682
82697
82724
82729
82735
82764
82765
82769
82776
82790
82823
82845
82877
82878
82882
82915
82939
82942
82967
82990
83011
83013
83040
83042
83094
83102
83102
83133
83153
83174
83311
83320
83334
83354
83360
83399
83400
83430
83460
83504
83515
83558
83601
83608
83624
83637
83647
83652
83662
83683
83687
83691
83691
83703
83715
83722
83732
83783
83809
83811
83831
83835
83840
83845
83848
83848
83874
83892
83893
83929
83967
83975
83977
83990
84009
84027
84050
84083
84094
84169
84208
84219
84242
84246
84246
84247
84249
84283
84322
84362
84367
84374
84380
84401
84405
84428
84433
84450
84463
84470
84480
84486
84488
84488
84520
84523
84559
84563
84578
84642
84681
84690
84698
84699
84714
84715
84727
84731
84734
84740
84742
84778
84780
84785
84808
84847
84871
84881
84919
84929
84941
84952
84970
84986
85014
85070
85089
85133
85183
85237
85267
85280
85284
85324
85371
85380
85383
85408
85416
85487
85494
85498
85514
85534
85556
85571
85602
85616
85617
85627
85694
85711
85751
85791
85803
85816
85851
85899
85947
85948
85956
85990
86001
86003
86007
86009
86040
86040
86065
86076
86080
86094
86154
86159
86178
86186
86214
86226
86235
86319
86326
86408
86413
86425
86487
86489
86507
86543
86555
86561
86587
86596
86597
86605
86613
86622
86651
86658
86680
86686
86698
86731
86751
86769
86789
86811
86812
86833
86840
86882
86895
86937
87005
87005
87005
87038
87051
87056
87056
87063
87086
87176
87207
87242
87250
87253
87271
87349
87355
87416
87436
87484
87494
87537
87608
87608
87622
87645
87672
87685
87700
87706
87745
87853
87867
87901
87919
87922
87935
87939
87940
88009
88036
88051
88058
88117
88131
88142
88164
88178
88196
88310
88313
88314
88317
88326
88362
88372
88376
88407
88420
88447
88476
88506
88553
88594
88597
88625
88635
88659
88675
88679
88696
88746
88763
88796
88810
88818
88819
88825
88852
88890
88909
88932
88944
88957
88963
88979
88986
88987
89006
89008
89021
89039
89052
89053
89053
89080
89080
89094
89110
89111
89152
89162
89179
89266
89277
89292
89303
89318
89376
89381
89384
89392
89437
89472
89499
89560
89603
89622
89676
89677
89681
89682
89722
89732
89785
89811
89835
89839
89841
89849
89853
89872
89896
89896
89905
89921
89941
89945
89945
90013
90031
90045
90060
90099
90103
90106
90120
90139
90145
90208
90281
90300
90313
90316
90329
90352
90398
90424
90460
90473
90477
90487
90530
90545
90571
90599
90600
90605
90606
90622
90634
90635
90640
90642
90651
90678
90684
90690
90711
90721
90779
90781
90796
90802
90803
90834
90841
90896
90902
90968
90983
90983
90986
90999
91050
91058
91122
91136
91151
91163
91177
91178
91188
91263
91293
91294
91336
91345
91347
91354
91358
91367
91369
91404
91407
91413
91494
91497
91537
91565
91572
91604
91609
91634
91658
91704
91762
91778
91795
91833
91865
91885
91890
91981
91983
91994
92005
92010
92042
92079
92091
92134
92136
92140
92144
92169
92201
92211
92220
92276
92294
92309
92323
92360
92365
92412
92433
92466
92483
92492
92495
92508
92539
92553
92579
92642
92690
92696
92720
92720
92724
92731
92760
92760
92762
92768
92788
92796
92850
92852
92869
92875
92880
92895
92916
92927
92935
92983
92984
92994
93061
93075
93085
93099
93129
93152
93180
93184
93210
93215
93229
93231
93262
93299
93299
93301
93322
93355
93360
93362
93386
93396
93406
93409
93443
93483
93489
93551
93580
93592
93603
93604
93620
93631
93642
93665
93670
93703
93715
93808
93820
93842
93853
93875
93876
93880
93896
93919
93938
93948
93989
94009
94095
94114
94128
94159
94161
94161
94191
94220
94227
94234
94240
94262
94309
94314
94347
94351
94361
94361
94361
94373
94387
94393
94428
94430
94436
94487
94497
94521
94525
94565
94581
94606
94619
94620
94633
94644
94646
94664
94741
94743
94753
94809
94853
94898
94936
94942
94944
94948
94962
95002
95024
95090
95137
95155
95186
95189
95190
95210
95219
95225
95294
95301
95342
95359
95379
95387
95416
95442
95445
95457
95471
95493
95508
95508
95542
95546
95587
95588
95598
95600
95611
95636
95673
95675
95706
95757
95760
95783
95789
95792
95825
95825
95844
95896
95904
95910
95947
95956
95999
96014
96035
96042
96049
96056
96057
96064
96077
96104
96118
96154
96161
96181
96195
96224
96290
96322
96334
96335
96346
96348
96352
96369
96396
96433
96457
96471
96539
96549
96556
96581
96632
96638
96652
96656
96682
96701
96732
96757
96760
96838
96860
96881
96906
96960
96982
97011
97029
97073
97096
97134
97167
97183
97193
97198
97204
97217
97232
97234
97244
97249
97297
97304
97311
97331
97339
97352
97365
97415
97435
97439
97470
97518
97542
97550
97592
97661
97696
97698
97717
97743
97757
97765
97770
97773
97800
97850
97903
97909
97911
97915
97946
97979
97982
97984
97988
98042
98045
98070
98078
98113
98123
98157
98170
98210
98227
98251
98260
98261
98297
98300
98355
98358
98363
98386
98403
98463
98482
98492
98497
98517
98530
98534
98567
98587
98635
98646
98748
98758
98768
98782
98804
98810
98812
98821
98834
98916
98925
98948
99007
99051
99072
99096
99114
99120
99197
99226
99230
99274
99283
99285
99318
99326
99348
99355
99360
99387
99403
99432
99461
99506
99525
99542
99551
99582
99598
99615
99615
99632
99656
99674
99716
99743
99747
99762
99803
99820
99825
99851
99861
99871
99887
99912
99944
99946
99982
99994
